Sample	0	1	2	3	4	5	6	7	8	9	10	11	12	13	14	15
IDDLNTM10.A_R1	(1.0, 35.3828389017335)	(2.0, 17.178290577569)	(3.0, 12.084001033762352)	(4.0, 8.62737876804983)	(5.0, 6.306426319124359)	(6.0, 4.598791965671836)	(7.0, 3.451091430071079)	(8.0, 2.501378759969114)	(9.0, 1.8381359455816502)	('>10', 6.631981268478349)	('>50', 0.6004670311398251)	('>100', 0.7779225862458554)	('>500', 0.021295412603322777)	('>1k', 0.0)	('>5k', 0.0)	('>10k+', 0.0)
IDDLNTM10.A_R2	(1.0, 38.20307825456504)	(2.0, 16.24558943676246)	(3.0, 11.337137496900764)	(4.0, 8.094812096592928)	(5.0, 6.081918976626432)	(6.0, 4.420182545348432)	(7.0, 3.302465437302826)	(8.0, 2.3873248100406386)	(9.0, 1.8289425317506565)	('>10', 6.560309694105153)	('>50', 0.5786067784908226)	('>100', 0.7743155330924585)	('>500', 0.01041392843194768)	('>1k', 0.0)	('>5k', 0.1749024799895665)	('>10k+', 0.0)
IDDLNTM10.B_R1	(1.0, 39.20553582792282)	(2.0, 18.225579454955522)	(3.0, 12.248220414946314)	(4.0, 8.43656705005318)	(5.0, 5.779817210678089)	(6.0, 3.973591349562114)	(7.0, 2.82990423688523)	(8.0, 1.9498286203082953)	(9.0, 1.3971137227513175)	('>10', 4.684508495210384)	('>50', 0.6538749150747099)	('>100', 0.6017406439792504)	('>500', 0.01371805767277521)	('>1k', 0.0)	('>5k', 0.0)	('>10k+', 0.0)
IDDLNTM10.B_R2	(1.0, 41.26666779676526)	(2.0, 17.27469457703661)	(3.0, 11.6668221925847)	(4.0, 7.866825366131075)	(5.0, 5.612547760427993)	(6.0, 4.026750050395714)	(7.0, 2.8354147957018943)	(8.0, 1.9167562550948356)	(9.0, 1.3845359858351114)	('>10', 4.727703938188639)	('>50', 0.627488774098998)	('>100', 0.6144630448936571)	('>500', 0.0)	('>1k', 0.0)	('>5k', 0.17932946284562987)	('>10k+', 0.0)
IDDLNTM100_R1	(1.0, 36.94966263154652)	(2.0, 17.62553412404998)	(3.0, 12.149330842363138)	(4.0, 8.643407124557852)	(5.0, 6.18461476295886)	(6.0, 4.457877754405561)	(7.0, 3.1518317496717763)	(8.0, 2.2487502743006775)	(9.0, 1.663223963995362)	('>10', 5.720587924509223)	('>50', 0.6306092340513645)	('>100', 0.5597007014553502)	('>500', 0.014868912134363015)	('>1k', 0.0)	('>5k', 0.0)	('>10k+', 0.0)
IDDLNTM100_R2	(1.0, 39.124382240504204)	(2.0, 16.982977218784093)	(3.0, 11.540555261105514)	(4.0, 8.22348304513442)	(5.0, 5.892367335173545)	(6.0, 4.183316418220097)	(7.0, 2.9837730509193965)	(8.0, 2.2517847494400645)	(9.0, 1.6246717913451825)	('>10', 5.872413114133655)	('>50', 0.5596048116224654)	('>100', 0.5863825828174214)	('>500', 0.0)	('>1k', 0.0)	('>5k', 0.1742883807998713)	('>10k+', 0.0)
IDDLNTM101_R1	(1.0, 37.166679762292745)	(2.0, 18.115818639238874)	(3.0, 12.660126313755054)	(4.0, 8.771306860989075)	(5.0, 6.336506556615988)	(6.0, 4.598938282249068)	(7.0, 3.219851323267866)	(8.0, 2.3903794388654984)	(9.0, 1.7129296281217226)	('>10', 5.008436152612994)	('>50', 0.004085500339793599)	('>100', 0.0032235394622800026)	('>500', 0.01171800218901293)	('>1k', 0.0)	('>5k', 0.0)	('>10k+', 0.0)
IDDLNTM101_R2	(1.0, 39.743544014803774)	(2.0, 17.275069547636342)	(3.0, 11.912452519232708)	(4.0, 8.401668656197964)	(5.0, 5.9884559483701905)	(6.0, 4.4133788756677514)	(7.0, 3.179207336339144)	(8.0, 2.268119994460231)	(9.0, 1.615540710451693)	('>10', 5.015291012031431)	('>50', 0.006556889689925224)	('>100', 0.0)	('>500', 0.0)	('>1k', 0.0)	('>5k', 0.180714495118841)	('>10k+', 0.0)
IDDLNTM102_R1	(1.0, 50.097188144314195)	(2.0, 20.95368548886632)	(3.0, 11.538167912880134)	(4.0, 6.537779699838783)	(5.0, 3.9391046811430375)	(6.0, 2.347920695806312)	(7.0, 1.4063892839270344)	(8.0, 0.8627073797466805)	(9.0, 0.564639808024244)	('>10', 1.7056368774394937)	('>50', 0.028369483636667848)	('>100', 0.01841054437709527)	('>500', 0.0)	('>1k', 0.0)	('>5k', 0.0)	('>10k+', 0.0)
IDDLNTM102_R2	(1.0, 51.25543380018386)	(2.0, 20.09599439803936)	(3.0, 11.200804221844045)	(4.0, 6.592701511921789)	(5.0, 3.821840719390783)	(6.0, 2.274952370537075)	(7.0, 1.3788145687537543)	(8.0, 0.9252341113469179)	(9.0, 0.5844528314436083)	('>10', 1.7003596868048632)	('>50', 0.02728039046520603)	('>100', 0.0)	('>500', 0.0)	('>1k', 0.14213138926878335)	('>5k', 0.0)	('>10k+', 0.0)
IDDLNTM105_R1	(1.0, 41.5475215872093)	(2.0, 20.154812917024664)	(3.0, 12.91083753113232)	(4.0, 8.491087379639483)	(5.0, 5.589887463851879)	(6.0, 3.6957601264716464)	(7.0, 2.4550801815747296)	(8.0, 1.6613339365553925)	(9.0, 1.1928871383116597)	('>10', 2.2720658654656893)	('>50', 0.003943191330552718)	('>100', 0.00731040306801006)	('>500', 0.017472278364713958)	('>1k', 0.0)	('>5k', 0.0)	('>10k+', 0.0)
IDDLNTM105_R2	(1.0, 42.675429632570086)	(2.0, 19.05453878024967)	(3.0, 12.507715477480883)	(4.0, 8.377075828512739)	(5.0, 5.6828892317741895)	(6.0, 3.7638733429279)	(7.0, 2.4352072033658847)	(8.0, 1.7260911294630348)	(9.0, 1.1930679007426217)	('>10', 2.4113912158108017)	('>50', 0.0017832829597955052)	('>100', 0.0)	('>500', 0.0)	('>1k', 0.0)	('>5k', 0.17093697414241915)	('>10k+', 0.0)
IDDLNTM107_R1	(1.0, 35.93359180534424)	(2.0, 17.724945022902105)	(3.0, 12.220285918140185)	(4.0, 8.456145323142739)	(5.0, 6.00609571935665)	(6.0, 4.387824887413635)	(7.0, 3.0221500254937044)	(8.0, 2.2390596220923986)	(9.0, 1.6317382094595088)	('>10', 5.939569253262714)	('>50', 0.5664135654697706)	('>100', 1.402928506559104)	('>500', 0.36220772537235185)	('>1k', 0.1070444159908352)	('>5k', 0.0)	('>10k+', 0.0)
IDDLNTM107_R2	(1.0, 38.2869175993471)	(2.0, 16.741225558122206)	(3.0, 11.66089995957579)	(4.0, 8.148120620307395)	(5.0, 5.79973023257106)	(6.0, 4.111591194852016)	(7.0, 2.954684310270698)	(8.0, 2.2115185767764456)	(9.0, 1.6272078348697978)	('>10', 5.9573415800094045)	('>50', 0.5124724059580692)	('>100', 1.3184528713555392)	('>500', 0.37411561825308604)	('>1k', 0.10730666171960661)	('>5k', 0.18841497601169824)	('>10k+', 0.0)
IDDLNTM108.A_R1	(1.0, 37.15059864000264)	(2.0, 17.687628342018847)	(3.0, 12.515547756483233)	(4.0, 8.87310011508528)	(5.0, 6.539303988897029)	(6.0, 4.723940350303601)	(7.0, 3.471089961326675)	(8.0, 2.4838022769635257)	(9.0, 1.8036626614727425)	('>10', 4.722104320560471)	('>50', 0.0020259705305808503)	('>100', 0.006910940751743159)	('>500', 0.020284675603646024)	('>1k', 0.0)	('>5k', 0.0)	('>10k+', 0.0)
IDDLNTM108.A_R2	(1.0, 35.878842435262584)	(2.0, 17.658184684066892)	(3.0, 12.282360873774225)	(4.0, 8.93110531306912)	(5.0, 6.559709950901037)	(6.0, 4.810115692767704)	(7.0, 3.622776007500218)	(8.0, 2.5716516393634907)	(9.0, 1.9133092787852284)	('>10', 5.625976255899881)	('>50', 0.0)	('>100', 0.0)	('>500', 0.0)	('>1k', 0.0)	('>5k', 0.1459678686095993)	('>10k+', 0.0)
IDDLNTM108.B_R1	(1.0, 41.72151175711226)	(2.0, 19.571338711729968)	(3.0, 12.532062232328586)	(4.0, 8.51798394789422)	(5.0, 5.534377041493675)	(6.0, 3.7625475519358798)	(7.0, 2.6007643205924635)	(8.0, 1.764562624574393)	(9.0, 1.1837634481204435)	('>10', 2.798255715696563)	('>50', 0.002495804374508451)	('>100', 0.01033684414704962)	('>500', 0.0)	('>1k', 0.0)	('>5k', 0.0)	('>10k+', 0.0)
IDDLNTM108.B_R2	(1.0, 42.51700122512855)	(2.0, 18.659829634209064)	(3.0, 12.338775036789942)	(4.0, 8.306188798807748)	(5.0, 5.597899589564825)	(6.0, 3.8786122024948035)	(7.0, 2.5978559193317783)	(8.0, 1.7565324919555474)	(9.0, 1.2241305394162516)	('>10', 2.9794533100574445)	('>50', 0.0)	('>100', 0.0)	('>500', 0.0)	('>1k', 0.0)	('>5k', 0.14372125224400278)	('>10k+', 0.0)
IDDLNTM109_R1	(1.0, 40.40474238544946)	(2.0, 19.026659904133428)	(3.0, 12.39952806123812)	(4.0, 8.18382271485877)	(5.0, 5.4730190379752175)	(6.0, 3.7336710581920847)	(7.0, 2.548445361148644)	(8.0, 1.877962928940584)	(9.0, 1.2677617254914735)	('>10', 4.266015450295189)	('>50', 0.30124016449334545)	('>100', 0.48293962520623224)	('>500', 0.03419158257745662)	('>1k', 0.0)	('>5k', 0.0)	('>10k+', 0.0)
IDDLNTM109_R2	(1.0, 41.97226530954696)	(2.0, 18.169507447053768)	(3.0, 11.899842669120925)	(4.0, 7.8932662373579525)	(5.0, 5.437343308179768)	(6.0, 3.7979243163758816)	(7.0, 2.5746014652429308)	(8.0, 1.7935322963935862)	(9.0, 1.2612125128815102)	('>10', 4.28041286461768)	('>50', 0.2958455413256419)	('>100', 0.47004805045464576)	('>500', 0.01949808228897709)	('>1k', 0.0)	('>5k', 0.1346998991597063)	('>10k+', 0.0)
IDDLNTM111_R1	(1.0, 43.809004878516966)	(2.0, 20.039573058579133)	(3.0, 12.344805707841898)	(4.0, 7.87475057778099)	(5.0, 5.049156291083606)	(6.0, 3.3418102254517392)	(7.0, 2.1622080102038344)	(8.0, 1.4362189833365953)	(9.0, 1.0117617003256358)	('>10', 2.905406221023696)	('>50', 0.006555637466592539)	('>100', 0.0060995710895967005)	('>500', 0.012649137299768982)	('>1k', 0.0)	('>5k', 0.0)	('>10k+', 0.0)
IDDLNTM111_R2	(1.0, 45.41764804818777)	(2.0, 19.05871180581095)	(3.0, 11.989835908193605)	(4.0, 7.7134327751192275)	(5.0, 5.044009350802839)	(6.0, 3.2196907214582793)	(7.0, 2.125242762263236)	(8.0, 1.4422103271596007)	(9.0, 0.982384902538555)	('>10', 2.7788282833598035)	('>50', 0.020019155781084073)	('>100', 0.0)	('>500', 0.0)	('>1k', 0.0)	('>5k', 0.0)	('>10k+', 0.20798595932507052)
IDDLNTM112_R1	(1.0, 36.70434431297689)	(2.0, 17.95517472955078)	(3.0, 12.536733069204315)	(4.0, 8.741687449135789)	(5.0, 6.155847618267277)	(6.0, 4.31528867764746)	(7.0, 2.997798423622994)	(8.0, 2.1286173289566515)	(9.0, 1.5643641281661687)	('>10', 4.9929348801874776)	('>50', 0.4507354446662172)	('>100', 1.1569749059016927)	('>500', 0.21271167603752636)	('>1k', 0.08678735567880423)	('>5k', 0.0)	('>10k+', 0.0)
IDDLNTM112_R2	(1.0, 38.439521782558536)	(2.0, 17.266420051119994)	(3.0, 11.81044371066523)	(4.0, 8.484710829407675)	(5.0, 5.993263277421663)	(6.0, 4.164512547672424)	(7.0, 3.0442930099065335)	(8.0, 2.11935400744877)	(9.0, 1.6423730270608325)	('>10', 5.02731473326075)	('>50', 0.45885934901790154)	('>100', 1.0570083366074394)	('>500', 0.25390092897678396)	('>1k', 0.05618478357075764)	('>5k', 0.1818396253047727)	('>10k+', 0.0)
IDDLNTM113_R1	(1.0, 51.939618899873075)	(2.0, 20.892331818163758)	(3.0, 11.063666452550306)	(4.0, 5.82122988830422)	(5.0, 3.2129832575742747)	(6.0, 1.8114660749799794)	(7.0, 1.038270514441296)	(8.0, 0.6540463378868189)	(9.0, 0.4020909374609762)	('>10', 1.7974901622262371)	('>50', 0.4687255912720576)	('>100', 0.838332217846461)	('>500', 0.059747847420628074)	('>1k', 0.0)	('>5k', 0.0)	('>10k+', 0.0)
IDDLNTM113_R2	(1.0, 54.20329791774028)	(2.0, 19.5059375504772)	(3.0, 10.340397000417392)	(4.0, 5.632450444620566)	(5.0, 3.1275559015797185)	(6.0, 1.8118515640985984)	(7.0, 1.0405206379270593)	(8.0, 0.638590549711969)	(9.0, 0.3935083772243393)	('>10', 1.7691559327260897)	('>50', 0.4443887464458421)	('>100', 0.8224265523463685)	('>500', 0.034344843554687705)	('>1k', 0.0)	('>5k', 0.23557398112984984)	('>10k+', 0.0)
IDDLNTM116_R1	(1.0, 42.728874755313115)	(2.0, 19.973812566081055)	(3.0, 12.729260871335729)	(4.0, 8.230633369886155)	(5.0, 5.384197915000198)	(6.0, 3.528628867282377)	(7.0, 2.2992598638580906)	(8.0, 1.6282993835121378)	(9.0, 1.1004714295331355)	('>10', 2.368770472731482)	('>50', 0.0)	('>100', 0.009767495842616577)	('>500', 0.01802300962393185)	('>1k', 0.0)	('>5k', 0.0)	('>10k+', 0.0)
IDDLNTM116_R2	(1.0, 44.5019724128142)	(2.0, 18.904070798758372)	(3.0, 12.042968332360775)	(4.0, 7.935352436493362)	(5.0, 5.404976163990112)	(6.0, 3.5597573524276718)	(7.0, 2.3484354677125263)	(8.0, 1.557648835306941)	(9.0, 1.111735661865577)	('>10', 2.436072057011595)	('>50', 0.0)	('>100', 0.0)	('>500', 0.0)	('>1k', 0.0)	('>5k', 0.1970104812588062)	('>10k+', 0.0)
IDDLNTM117_R1	(1.0, 54.142033184498516)	(2.0, 19.690275893111362)	(3.0, 10.501164490573856)	(4.0, 5.661971026797163)	(5.0, 3.353936906044138)	(6.0, 1.9223706032698418)	(7.0, 1.134354749975552)	(8.0, 0.679434128540526)	(9.0, 0.4306162040114551)	('>10', 2.132194513816002)	('>50', 0.2695071088077587)	('>100', 0.0661769829498662)	('>500', 0.015964207603969004)	('>1k', 0.0)	('>5k', 0.0)	('>10k+', 0.0)
IDDLNTM117_R2	(1.0, 54.87411990285942)	(2.0, 18.846052723261085)	(3.0, 10.380198886599668)	(4.0, 5.825835754000377)	(5.0, 3.3412559474406294)	(6.0, 1.9120178857780965)	(7.0, 1.1012879246153315)	(8.0, 0.6905692932939282)	(9.0, 0.44653236375526767)	('>10', 2.1289042894837458)	('>50', 0.26977761480607815)	('>100', 0.07172608347948212)	('>500', 0.0)	('>1k', 0.11172133062691485)	('>5k', 0.0)	('>10k+', 0.0)
IDDLNTM12.A_R1	(1.0, 37.94693946192454)	(2.0, 17.606585694589256)	(3.0, 12.171173735758833)	(4.0, 8.624278069445706)	(5.0, 6.498862994938166)	(6.0, 4.559510897017529)	(7.0, 3.24660255823171)	(8.0, 2.4459342112750724)	(9.0, 1.7769151662677611)	('>10', 5.11226624800695)	('>50', 0.0)	('>100', 0.010930962544441997)	('>500', 0.0)	('>1k', 0.0)	('>5k', 0.0)	('>10k+', 0.0)
IDDLNTM12.A_R2	(1.0, 39.719328965782545)	(2.0, 16.785264296661165)	(3.0, 11.832291491102842)	(4.0, 8.452457168959713)	(5.0, 5.974935173491535)	(6.0, 4.503407572983534)	(7.0, 3.3027356448583953)	(8.0, 2.4627615813787056)	(9.0, 1.761922436572123)	('>10', 5.021545495016078)	('>50', 0.001908317946925961)	('>100', 0.0)	('>500', 0.0)	('>1k', 0.0)	('>5k', 0.18144185524652484)	('>10k+', 0.0)
IDDLNTM12.B_R1	(1.0, 39.87456314972962)	(2.0, 18.59078661055811)	(3.0, 12.735264611755708)	(4.0, 8.578942350629106)	(5.0, 6.052275632220008)	(6.0, 4.1581490499087925)	(7.0, 2.93202092213558)	(8.0, 2.04597092247632)	(9.0, 1.520703708569998)	('>10', 3.5052561528729558)	('>50', 0.0)	('>100', 0.006066889143805422)	('>500', 0.0)	('>1k', 0.0)	('>5k', 0.0)	('>10k+', 0.0)
IDDLNTM12.B_R2	(1.0, 41.98554544934303)	(2.0, 17.716612097959096)	(3.0, 11.749965718472522)	(4.0, 8.329365745181391)	(5.0, 5.926706057285087)	(6.0, 4.130788612567877)	(7.0, 2.9467548950140374)	(8.0, 1.9457562307454768)	(9.0, 1.4853239599386328)	('>10', 3.6116566717834893)	('>50', 0.0)	('>100', 0.0)	('>500', 0.0)	('>1k', 0.0)	('>5k', 0.1715245617093504)	('>10k+', 0.0)
IDDLNTM120_R1	(1.0, 27.057633655932662)	(2.0, 13.278042708685431)	(3.0, 10.446750640327105)	(4.0, 8.541189922302868)	(5.0, 6.923393191985805)	(6.0, 5.6781676093884155)	(7.0, 4.705752582162878)	(8.0, 3.799000458665338)	(9.0, 3.117714334704363)	('>10', 15.753669465112322)	('>50', 0.42235143894555915)	('>100', 0.25813101937058347)	('>500', 0.0)	('>1k', 0.018202972416663823)	('>5k', 0.0)	('>10k+', 0.0)
IDDLNTM120_R2	(1.0, 29.338569853262953)	(2.0, 12.651653537356525)	(3.0, 9.891909017001458)	(4.0, 8.1438692142606)	(5.0, 6.53565616685846)	(6.0, 5.457827290948254)	(7.0, 4.41793212614301)	(8.0, 3.6744398364454907)	(9.0, 3.0024043991245675)	('>10', 16.10044023883851)	('>50', 0.4134734531413019)	('>100', 0.22633866473705566)	('>500', 0.005265464700983276)	('>1k', 0.0)	('>5k', 0.0)	('>10k+', 0.14022073718078262)
IDDLNTM121_R1	(1.0, 26.610819965949954)	(2.0, 14.117124811463544)	(3.0, 11.002040288873507)	(4.0, 8.814341267367052)	(5.0, 7.082691722075101)	(6.0, 5.568136808162922)	(7.0, 4.461607407635494)	(8.0, 3.7261355704959476)	(9.0, 3.084697955412557)	('>10', 14.874766345307583)	('>50', 0.41345042274876587)	('>100', 0.22416736293470124)	('>500', 0.0)	('>1k', 0.020020071572962896)	('>5k', 0.0)	('>10k+', 0.0)
IDDLNTM121_R2	(1.0, 30.351889528650478)	(2.0, 13.267538912398699)	(3.0, 10.194983360704336)	(4.0, 8.179721906161337)	(5.0, 6.513222995296314)	(6.0, 5.266398467995466)	(7.0, 4.371560955962626)	(8.0, 3.595187205243967)	(9.0, 2.937867833535259)	('>10', 14.543373291043274)	('>50', 0.3686349460477489)	('>100', 0.2191331851604418)	('>500', 0.0)	('>1k', 0.0)	('>5k', 0.0)	('>10k+', 0.1904874118000766)
IDDLNTM124_R1	(1.0, 37.44921335331322)	(2.0, 18.426683192669877)	(3.0, 12.48474132495001)	(4.0, 9.0739479351808)	(5.0, 6.328195937434776)	(6.0, 4.533095704005953)	(7.0, 3.2857024916247166)	(8.0, 2.2754108003564206)	(9.0, 1.669936032259415)	('>10', 4.4489141550202875)	('>50', 0.0045113976725470895)	('>100', 0.005477776469257798)	('>500', 0.014169899042768695)	('>1k', 0.0)	('>5k', 0.0)	('>10k+', 0.0)
IDDLNTM124_R2	(1.0, 40.33656933682831)	(2.0, 17.2052956372787)	(3.0, 11.933396337953216)	(4.0, 8.526504101417277)	(5.0, 5.986924618528356)	(6.0, 4.3616223255431645)	(7.0, 3.151246149252264)	(8.0, 2.206411369875457)	(9.0, 1.6272244981238797)	('>10', 4.479887700194011)	('>50', 0.012166524399741304)	('>100', 0.0)	('>500', 0.0)	('>1k', 0.0)	('>5k', 0.0)	('>10k+', 0.17275140060556987)
IDDLNTM126_R1	(1.0, 50.2286335008059)	(2.0, 20.808964143658855)	(3.0, 12.039073654257281)	(4.0, 6.9577878768717625)	(5.0, 4.087444213974888)	(6.0, 2.351506969143351)	(7.0, 1.4484571398435893)	(8.0, 0.8298357711079973)	(9.0, 0.5149909746590688)	('>10', 0.7235789131418591)	('>50', 0.0023941476339855547)	('>100', 0.0073326949014785965)	('>500', 0.0)	('>1k', 0.0)	('>5k', 0.0)	('>10k+', 0.0)
IDDLNTM126_R2	(1.0, 49.74984024754776)	(2.0, 20.468269817226613)	(3.0, 12.237578690741126)	(4.0, 7.066578523416481)	(5.0, 4.071977269418845)	(6.0, 2.5746574585315147)	(7.0, 1.4807154146867987)	(8.0, 0.8449791574471139)	(9.0, 0.5120102276898398)	('>10', 0.8897281034612063)	('>50', 0.0)	('>100', 0.0)	('>500', 0.0)	('>1k', 0.10366508983267822)	('>5k', 0.0)	('>10k+', 0.0)
IDDLNTM127_R1	(1.0, 41.65435673479333)	(2.0, 19.4251673632297)	(3.0, 12.656974180918109)	(4.0, 8.594903322067506)	(5.0, 5.768563688984969)	(6.0, 3.9384980255804973)	(7.0, 2.574619874807012)	(8.0, 1.7119740974458866)	(9.0, 1.1288975504644736)	('>10', 2.519222414090699)	('>50', 0.004205384877961875)	('>100', 0.0037819544736283125)	('>500', 0.018835408266188954)	('>1k', 0.0)	('>5k', 0.0)	('>10k+', 0.0)
IDDLNTM127_R2	(1.0, 43.11837970940756)	(2.0, 18.616667325969097)	(3.0, 12.25850537146662)	(4.0, 8.258733076510723)	(5.0, 5.561604638143682)	(6.0, 3.819210108758135)	(7.0, 2.560302522349408)	(8.0, 1.7419213691816025)	(9.0, 1.1866499789969291)	('>10', 2.7473278340792886)	('>50', 0.0)	('>100', 0.0)	('>500', 0.0)	('>1k', 0.0)	('>5k', 0.13069806513697813)	('>10k+', 0.0)
IDDLNTM128_R1	(1.0, 38.18711196835709)	(2.0, 18.821517854617174)	(3.0, 12.75597379862361)	(4.0, 8.900840037354055)	(5.0, 6.229505488031454)	(6.0, 4.252676190112177)	(7.0, 3.0880549021727854)	(8.0, 2.0969161031245718)	(9.0, 1.5685371146251237)	('>10', 4.042056438369788)	('>50', 0.024195546977276817)	('>100', 0.010616940677780124)	('>500', 0.021997616957114528)	('>1k', 0.0)	('>5k', 0.0)	('>10k+', 0.0)
IDDLNTM128_R2	(1.0, 40.501012124096505)	(2.0, 17.918991897927498)	(3.0, 12.101503646634226)	(4.0, 8.505877121436981)	(5.0, 5.876177629648206)	(6.0, 4.228381092617796)	(7.0, 2.889447116066226)	(8.0, 2.0157537171959508)	(9.0, 1.563080134713541)	('>10', 4.171041436688434)	('>50', 0.0190064442237262)	('>100', 0.0)	('>500', 0.0)	('>1k', 0.0)	('>5k', 0.20972763875095282)	('>10k+', 0.0)
IDDLNTM129_R1	(1.0, 34.54797857853316)	(2.0, 17.928590724735336)	(3.0, 12.655198482900525)	(4.0, 9.197990831617084)	(5.0, 6.668225714559231)	(6.0, 4.862965820901512)	(7.0, 3.5936283482688505)	(8.0, 2.650342548839455)	(9.0, 1.979332795562751)	('>10', 5.88274734139908)	('>50', 0.003936341656557439)	('>100', 0.007633194329227154)	('>500', 0.0)	('>1k', 0.021429276697228595)	('>5k', 0.0)	('>10k+', 0.0)
IDDLNTM129_R2	(1.0, 37.56710963897843)	(2.0, 17.21769961884288)	(3.0, 11.92506114511514)	(4.0, 8.584705596386451)	(5.0, 6.350062973068779)	(6.0, 4.663294653832277)	(7.0, 3.365372329954158)	(8.0, 2.5302511633406244)	(9.0, 1.8540672467451997)	('>10', 5.766203564465299)	('>50', 0.0016181654310278436)	('>100', 0.0)	('>500', 0.0)	('>1k', 0.0)	('>5k', 0.17455390383970637)	('>10k+', 0.0)
IDDLNTM13.A_R1	(1.0, 38.97911582507142)	(2.0, 18.363172575217448)	(3.0, 12.369362830065747)	(4.0, 8.41183239212391)	(5.0, 6.0264918419565525)	(6.0, 4.20923298483082)	(7.0, 2.877752123145188)	(8.0, 2.157837278480258)	(9.0, 1.4927766728971967)	('>10', 4.801587680230474)	('>50', 0.25013938442437006)	('>100', 0.04572363675780029)	('>500', 0.014974774798869836)	('>1k', 0.0)	('>5k', 0.0)	('>10k+', 0.0)
IDDLNTM13.A_R2	(1.0, 40.95431327983559)	(2.0, 17.73708703025783)	(3.0, 11.840365459989574)	(4.0, 8.128349822716405)	(5.0, 5.596329414904589)	(6.0, 4.069862848396013)	(7.0, 2.855358336230221)	(8.0, 2.074091932241917)	(9.0, 1.462962857201754)	('>10', 4.8524890462177765)	('>50', 0.2626636874007546)	('>100', 0.06369075596376586)	('>500', 0.0)	('>1k', 0.10243552864382167)	('>5k', 0.0)	('>10k+', 0.0)
IDDLNTM13.B_R1	(1.0, 39.55826217893356)	(2.0, 18.405403183455192)	(3.0, 12.19266853513673)	(4.0, 8.310911439314701)	(5.0, 5.722294671266572)	(6.0, 4.053351057877956)	(7.0, 2.9466617355427203)	(8.0, 2.1210844200238923)	(9.0, 1.4417957919495532)	('>10', 4.912241625942677)	('>50', 0.2778744550785396)	('>100', 0.05745090547792241)	('>500', 0.0)	('>1k', 0.0)	('>5k', 0.0)	('>10k+', 0.0)
IDDLNTM13.B_R2	(1.0, 41.236621710796626)	(2.0, 17.702564802473315)	(3.0, 11.64794720985243)	(4.0, 8.110071602296605)	(5.0, 5.58159402540914)	(6.0, 3.934606587064461)	(7.0, 2.7391667781034483)	(8.0, 2.035598415503191)	(9.0, 1.5607792770268694)	('>10', 5.019916275684573)	('>50', 0.26856151065952844)	('>100', 0.06489592619325578)	('>500', 0.0)	('>1k', 0.09767587893657888)	('>5k', 0.0)	('>10k+', 0.0)
IDDLNTM131_R1	(1.0, 35.00460631066916)	(2.0, 17.453824139861272)	(3.0, 12.356805311670689)	(4.0, 9.012069532082997)	(5.0, 6.527350128956464)	(6.0, 4.964895195563359)	(7.0, 3.6815530470049844)	(8.0, 2.7153490387735157)	(9.0, 2.0207909097804055)	('>10', 6.2495660396120885)	('>50', 0.00605828277788106)	('>100', 0.007132063247204368)	('>500', 0.0)	('>1k', 0.0)	('>5k', 0.0)	('>10k+', 0.0)
IDDLNTM131_R2	(1.0, 36.84766770049841)	(2.0, 16.904186721848365)	(3.0, 12.004870748678814)	(4.0, 8.78448421445919)	(5.0, 6.266292253077886)	(6.0, 4.658115535171181)	(7.0, 3.433495069346408)	(8.0, 2.6180343505816723)	(9.0, 1.9764372311224874)	('>10', 6.291939539226845)	('>50', 0.0019064972382398702)	('>100', 0.0)	('>500', 0.0)	('>1k', 0.0)	('>5k', 0.0)	('>10k+', 0.2125701387505213)
IDDLNTM132_R1	(1.0, 33.76456873336494)	(2.0, 17.640779053521108)	(3.0, 12.604094237708122)	(4.0, 8.967593529424327)	(5.0, 6.990417832468595)	(6.0, 5.031663391280235)	(7.0, 3.6981002510411636)	(8.0, 2.753750716282899)	(9.0, 2.0890677308969137)	('>10', 6.417960021091491)	('>50', 0.014011796673989212)	('>100', 0.009147262082023846)	('>500', 0.0)	('>1k', 0.018845444164184013)	('>5k', 0.0)	('>10k+', 0.0)
IDDLNTM132_R2	(1.0, 37.88494945479315)	(2.0, 16.374232192494816)	(3.0, 11.522889370631411)	(4.0, 8.628572402755923)	(5.0, 6.427558122202201)	(6.0, 4.660380902687361)	(7.0, 3.542639517812587)	(8.0, 2.5783586338389743)	(9.0, 1.9396236410450038)	('>10', 6.251094274906281)	('>50', 0.012381404096076755)	('>100', 0.002209411797312817)	('>500', 0.0)	('>1k', 0.0)	('>5k', 0.17511067093887828)	('>10k+', 0.0)
IDDLNTM135_R1	(1.0, 36.9218886404832)	(2.0, 18.357032721789288)	(3.0, 12.46027486864404)	(4.0, 9.01058893689166)	(5.0, 6.4935317440499105)	(6.0, 4.529838804129453)	(7.0, 3.297203231896434)	(8.0, 2.3241980798896176)	(9.0, 1.7664216137476336)	('>10', 4.816284640398737)	('>50', 0.004000777822687164)	('>100', 0.0032985618657810018)	('>500', 0.015437378391531566)	('>1k', 0.0)	('>5k', 0.0)	('>10k+', 0.0)
IDDLNTM135_R2	(1.0, 38.372561773206854)	(2.0, 17.450951509587895)	(3.0, 12.094806351809902)	(4.0, 8.720256353731925)	(5.0, 6.133064047725046)	(6.0, 4.626671959483009)	(7.0, 3.259279512735084)	(8.0, 2.416869749923352)	(9.0, 1.8119008517193211)	('>10', 4.952736149237922)	('>50', 0.0)	('>100', 0.0)	('>500', 0.0)	('>1k', 0.0)	('>5k', 0.16090174083973233)	('>10k+', 0.0)
IDDLNTM136_R1	(1.0, 38.63759831975209)	(2.0, 18.955556082835532)	(3.0, 12.745092887524365)	(4.0, 8.565123269720617)	(5.0, 6.076106376235338)	(6.0, 4.269016251081186)	(7.0, 2.8824431045827708)	(8.0, 2.2053623418375072)	(9.0, 1.5514692388241729)	('>10', 4.086901428939674)	('>50', 0.002544124609654512)	('>100', 0.0029551009129562124)	('>500', 0.019831473144129884)	('>1k', 0.0)	('>5k', 0.0)	('>10k+', 0.0)
IDDLNTM136_R2	(1.0, 39.71266118838212)	(2.0, 18.224558177354993)	(3.0, 12.331382141955915)	(4.0, 8.586550230692733)	(5.0, 5.960999276284927)	(6.0, 4.160191414810171)	(7.0, 2.9853772469729436)	(8.0, 2.1829426072467357)	(9.0, 1.5555977490310675)	('>10', 4.124119424995034)	('>50', 0.0)	('>100', 0.0)	('>500', 0.0)	('>1k', 0.0)	('>5k', 0.17562054227334636)	('>10k+', 0.0)
IDDLNTM137_R1	(1.0, 31.95699607138085)	(2.0, 17.02225525726391)	(3.0, 12.041396439878083)	(4.0, 9.101469231639765)	(5.0, 6.768995003972537)	(6.0, 5.247573085682774)	(7.0, 3.755371000707349)	(8.0, 2.8958390268755325)	(9.0, 2.095024757012073)	('>10', 8.030006248349608)	('>50', 0.5540977003846228)	('>100', 0.49766100075858055)	('>500', 0.009316648809825412)	('>1k', 0.02399852728445301)	('>5k', 0.0)	('>10k+', 0.0)
IDDLNTM137_R2	(1.0, 35.39458924059581)	(2.0, 15.915911468030542)	(3.0, 11.520203366849675)	(4.0, 8.403068732139097)	(5.0, 6.5165820708613325)	(6.0, 4.762198418819487)	(7.0, 3.6250144707606284)	(8.0, 2.773861747233629)	(9.0, 2.1212075276242626)	('>10', 7.757474103599886)	('>50', 0.4953247584044893)	('>100', 0.5100951929180005)	('>500', 0.009348286382946557)	('>1k', 0.0)	('>5k', 0.0)	('>10k+', 0.19512061578022494)
IDDLNTM139_R1	(1.0, 44.76282565152657)	(2.0, 19.88431009466011)	(3.0, 12.241002442703032)	(4.0, 7.794207371472023)	(5.0, 4.820635254487526)	(6.0, 3.144106413653887)	(7.0, 2.0992583434341117)	(8.0, 1.3320394893784286)	(9.0, 0.9309657519805299)	('>10', 2.6501285436752204)	('>50', 0.25340259018578026)	('>100', 0.08711805284278298)	('>500', 0.0)	('>1k', 0.0)	('>5k', 0.0)	('>10k+', 0.0)
IDDLNTM139_R2	(1.0, 46.45164703955496)	(2.0, 18.9280904591819)	(3.0, 11.787668470998202)	(4.0, 7.4577184496192315)	(5.0, 4.789317065281211)	(6.0, 3.1588133657243866)	(7.0, 1.9712674933065568)	(8.0, 1.3226140494330214)	(9.0, 0.9484581076254421)	('>10', 2.6520020746048067)	('>50', 0.26094271798078517)	('>100', 0.0612336708368072)	('>500', 0.0)	('>1k', 0.0)	('>5k', 0.21022703585259744)	('>10k+', 0.0)
IDDLNTM14.A_R1	(1.0, 41.171895315625385)	(2.0, 18.71969424884565)	(3.0, 12.452531175445548)	(4.0, 8.442428663291079)	(5.0, 5.608993155781309)	(6.0, 3.9063883156369674)	(7.0, 2.6863573046806533)	(8.0, 1.8383584796215522)	(9.0, 1.298488660305759)	('>10', 3.6860488672742497)	('>50', 0.1663204372315314)	('>100', 0.022495376260366615)	('>500', 0.0)	('>1k', 0.0)	('>5k', 0.0)	('>10k+', 0.0)
IDDLNTM14.A_R2	(1.0, 43.38266550413682)	(2.0, 17.834237963656904)	(3.0, 11.83770680326491)	(4.0, 7.913985507399202)	(5.0, 5.49180582926784)	(6.0, 3.7906764570723555)	(7.0, 2.5664116026807435)	(8.0, 1.815795361680569)	(9.0, 1.3247835081622528)	('>10', 3.6789395893063612)	('>50', 0.16724162182527283)	('>100', 0.025310504120813537)	('>500', 0.0)	('>1k', 0.0)	('>5k', 0.1704397474259582)	('>10k+', 0.0)
IDDLNTM14.B_R1	(1.0, 34.76917517930256)	(2.0, 17.314986058577848)	(3.0, 12.215343109641852)	(4.0, 8.960268999083596)	(5.0, 6.373054063856235)	(6.0, 4.8369513575313965)	(7.0, 3.5664702122977285)	(8.0, 2.678135760820264)	(9.0, 1.9794571154019638)	('>10', 6.96062638186707)	('>50', 0.2525802924829048)	('>100', 0.07968386875777024)	('>500', 0.013267600378807191)	('>1k', 0.0)	('>5k', 0.0)	('>10k+', 0.0)
IDDLNTM14.B_R2	(1.0, 37.25925837682747)	(2.0, 16.35659839900628)	(3.0, 11.525166795519691)	(4.0, 8.49581073452094)	(5.0, 6.169467715269673)	(6.0, 4.60641909459962)	(7.0, 3.574053882306537)	(8.0, 2.535896848104404)	(9.0, 1.9605118670987804)	('>10', 7.030361203590206)	('>50', 0.25767550839959996)	('>100', 0.07230509895879692)	('>500', 0.0)	('>1k', 0.0)	('>5k', 0.15647447579798668)	('>10k+', 0.0)
IDDLNTM140_R1	(1.0, 39.59336587846147)	(2.0, 19.428962167997305)	(3.0, 12.739292063139601)	(4.0, 8.965402323018978)	(5.0, 6.088934906689674)	(6.0, 4.069531830876984)	(7.0, 2.789346202743025)	(8.0, 1.9195722304666218)	(9.0, 1.3266287245957724)	('>10', 3.057664388030994)	('>50', 0.002453034407851258)	('>100', 0.0038810420379398686)	('>500', 0.014965207533787958)	('>1k', 0.0)	('>5k', 0.0)	('>10k+', 0.0)
IDDLNTM140_R2	(1.0, 41.579520247688215)	(2.0, 18.467921116980982)	(3.0, 12.181136717008526)	(4.0, 8.410091711886022)	(5.0, 5.894726226168932)	(6.0, 3.988206032703144)	(7.0, 2.7894887841082063)	(8.0, 1.9398726631323666)	(9.0, 1.3348374843967186)	('>10', 3.2733170912823857)	('>50', 0.0)	('>100', 0.0)	('>500', 0.0)	('>1k', 0.0)	('>5k', 0.14088192464451676)	('>10k+', 0.0)
IDDLNTM141_R1	(1.0, 35.21757710501546)	(2.0, 17.63884256312877)	(3.0, 12.3012754741934)	(4.0, 8.799737724602611)	(5.0, 6.2114985871112935)	(6.0, 4.697447009027366)	(7.0, 3.42473445679456)	(8.0, 2.4706910024862068)	(9.0, 1.8376336107184057)	('>10', 6.632004101517956)	('>50', 0.41103498478405937)	('>100', 0.3452586585117173)	('>500', 0.012264722108232094)	('>1k', 0.0)	('>5k', 0.0)	('>10k+', 0.0)
IDDLNTM141_R2	(1.0, 37.291888270837035)	(2.0, 16.842697683736404)	(3.0, 11.691222436697455)	(4.0, 8.542930964854126)	(5.0, 6.195980160873876)	(6.0, 4.392727129681447)	(7.0, 3.2559135133870383)	(8.0, 2.4238303096132547)	(9.0, 1.8002361044495196)	('>10', 6.678175068391434)	('>50', 0.3974815937334541)	('>100', 0.33361554199419197)	('>500', 0.0)	('>1k', 0.0)	('>5k', 0.15330122175067523)	('>10k+', 0.0)
IDDLNTM143_R1	(1.0, 32.83289077861276)	(2.0, 16.741182271902836)	(3.0, 12.146876561078892)	(4.0, 9.011347229080656)	(5.0, 6.582215894715477)	(6.0, 5.001419310771533)	(7.0, 3.6925743383655556)	(8.0, 2.705289795678064)	(9.0, 2.178390722036787)	('>10', 7.859419387717725)	('>50', 0.5806187324553326)	('>100', 0.6349376239925925)	('>500', 0.009640662865540122)	('>1k', 0.023196690726280444)	('>5k', 0.0)	('>10k+', 0.0)
IDDLNTM143_R2	(1.0, 34.32283588274424)	(2.0, 16.053540386554438)	(3.0, 11.675055509896758)	(4.0, 8.771543151478465)	(5.0, 6.539897412789193)	(6.0, 4.700858539050637)	(7.0, 3.6412597316718074)	(8.0, 2.7332703650531234)	(9.0, 1.9857225751311145)	('>10', 8.175120014053244)	('>50', 0.5922736396326633)	('>100', 0.63176220216808)	('>500', 0.011095186811810525)	('>1k', 0.0)	('>5k', 0.16576540296451248)	('>10k+', 0.0)
IDDLNTM144_R1	(1.0, 34.770965215585115)	(2.0, 17.238017566360202)	(3.0, 12.096962036029058)	(4.0, 8.851808781022424)	(5.0, 6.5466709619940655)	(6.0, 4.719652798837076)	(7.0, 3.4760073115875083)	(8.0, 2.5073389025233244)	(9.0, 1.8173893876426206)	('>10', 6.795585663811414)	('>50', 0.5816060756200571)	('>100', 0.5713522926120379)	('>500', 0.0)	('>1k', 0.02664300637513089)	('>5k', 0.0)	('>10k+', 0.0)
IDDLNTM144_R2	(1.0, 36.192103069998865)	(2.0, 16.683207483038736)	(3.0, 11.763994106639384)	(4.0, 8.613404844854422)	(5.0, 6.213470432329517)	(6.0, 4.557336291638045)	(7.0, 3.3333225582952988)	(8.0, 2.4984025032926627)	(9.0, 1.9382599579918263)	('>10', 6.831147793987125)	('>50', 0.605598596307262)	('>100', 0.5697302483589716)	('>500', 0.010243180835484346)	('>1k', 0.0)	('>5k', 0.18977893243243069)	('>10k+', 0.0)
IDDLNTM145_R1	(1.0, 40.79367690514098)	(2.0, 19.357472448050707)	(3.0, 12.601269938632578)	(4.0, 8.400176222411112)	(5.0, 5.464533746481562)	(6.0, 3.902282334986551)	(7.0, 2.6331511581483475)	(8.0, 1.8017097177670416)	(9.0, 1.218823687884522)	('>10', 3.7735955955876066)	('>50', 0.021204428206785395)	('>100', 0.012723452551548973)	('>500', 0.01938036415066846)	('>1k', 0.0)	('>5k', 0.0)	('>10k+', 0.0)
IDDLNTM145_R2	(1.0, 42.00738345749918)	(2.0, 18.610631135612905)	(3.0, 12.057019249246464)	(4.0, 8.034012753940933)	(5.0, 5.610426374437547)	(6.0, 3.921068939750319)	(7.0, 2.6259381193042337)	(8.0, 1.8020551756281835)	(9.0, 1.2552929448672585)	('>10', 3.870777103123885)	('>50', 0.026533839323987302)	('>100', 0.002629423017254943)	('>500', 0.0)	('>1k', 0.0)	('>5k', 0.17623148424779675)	('>10k+', 0.0)
IDDLNTM146_R1	(1.0, 35.838423800180806)	(2.0, 17.793781059659228)	(3.0, 12.441535344367333)	(4.0, 8.759803532420325)	(5.0, 6.331881074086239)	(6.0, 4.506908155958467)	(7.0, 3.3844702385846936)	(8.0, 2.4310995328249705)	(9.0, 1.6785484502660957)	('>10', 6.288865653612658)	('>50', 0.3677716755337522)	('>100', 0.15795108410878558)	('>500', 0.0189603983966875)	('>1k', 0.0)	('>5k', 0.0)	('>10k+', 0.0)
IDDLNTM146_R2	(1.0, 38.34740893599548)	(2.0, 17.142759618802803)	(3.0, 11.845459415006292)	(4.0, 8.243559713817067)	(5.0, 6.097692873659655)	(6.0, 4.2483029012525755)	(7.0, 3.2074484017893576)	(8.0, 2.3983134723874757)	(9.0, 1.7337975184719214)	('>10', 6.053070179125151)	('>50', 0.3748695156114987)	('>100', 0.16106132379592558)	('>500', 0.0)	('>1k', 0.0)	('>5k', 0.14625613028476403)	('>10k+', 0.0)
IDDLNTM147_R1	(1.0, 39.20247646217872)	(2.0, 18.83347508243986)	(3.0, 12.363082722672274)	(4.0, 8.577706834739459)	(5.0, 6.050296292505909)	(6.0, 4.107402064170571)	(7.0, 2.8066236954529082)	(8.0, 1.9753183934080119)	(9.0, 1.4385337174409045)	('>10', 4.431789348999018)	('>50', 0.1583921487573355)	('>100', 0.03528478366197213)	('>500', 0.019618453572965277)	('>1k', 0.0)	('>5k', 0.0)	('>10k+', 0.0)
IDDLNTM147_R2	(1.0, 39.45113630138475)	(2.0, 18.31111464734029)	(3.0, 12.086685049799854)	(4.0, 8.53457091066055)	(5.0, 5.996993164200423)	(6.0, 4.156657729268815)	(7.0, 2.867028569002983)	(8.0, 2.076633534325514)	(9.0, 1.4560842995161118)	('>10', 4.7031240835167365)	('>50', 0.17681770845568254)	('>100', 0.030504448060664782)	('>500', 0.0)	('>1k', 0.0)	('>5k', 0.1526495544676344)	('>10k+', 0.0)
IDDLNTM148_R1	(1.0, 41.93674359508875)	(2.0, 19.803518604992053)	(3.0, 12.126047552976019)	(4.0, 8.046964509067791)	(5.0, 5.204345582442362)	(6.0, 3.3731924413570447)	(7.0, 2.3124790624152562)	(8.0, 1.6043034655818638)	(9.0, 1.1452642730039957)	('>10', 4.009007024488672)	('>50', 0.28790379061550836)	('>100', 0.13445601210396319)	('>500', 0.015774085866671887)	('>1k', 0.0)	('>5k', 0.0)	('>10k+', 0.0)
IDDLNTM148_R2	(1.0, 43.96482171027279)	(2.0, 18.656342448183022)	(3.0, 11.828503536361053)	(4.0, 7.549360312859604)	(5.0, 5.083854414305026)	(6.0, 3.345543052338509)	(7.0, 2.306034274574754)	(8.0, 1.5302708522364903)	(9.0, 1.099830651454359)	('>10', 4.097582545484364)	('>50', 0.3112568340216839)	('>100', 0.11880287748531144)	('>500', 0.0)	('>1k', 0.10779649042299531)	('>5k', 0.0)	('>10k+', 0.0)
IDDLNTM149_R1	(1.0, 42.25187290293366)	(2.0, 18.88615698104881)	(3.0, 11.91863013419377)	(4.0, 7.747999655841673)	(5.0, 5.203853699459124)	(6.0, 3.604477701874212)	(7.0, 2.4080810339447623)	(8.0, 1.7834722382581907)	(9.0, 1.2490682869894572)	('>10', 4.367916153537427)	('>50', 0.4110242347112748)	('>100', 0.14819298859723545)	('>500', 0.01925398861040732)	('>1k', 0.0)	('>5k', 0.0)	('>10k+', 0.0)
IDDLNTM149_R2	(1.0, 44.059948797489135)	(2.0, 18.095286686021193)	(3.0, 11.380387007970526)	(4.0, 7.477679736164265)	(5.0, 5.0438401574477245)	(6.0, 3.428280197414261)	(7.0, 2.4093573035838087)	(8.0, 1.7604039976004497)	(9.0, 1.2227653547263846)	('>10', 4.439187787437658)	('>50', 0.373150370355335)	('>100', 0.1819311850296093)	('>500', 0.0)	('>1k', 0.12778141875956578)	('>5k', 0.0)	('>10k+', 0.0)
IDDLNTM15.A_R1	(1.0, 39.31303251442743)	(2.0, 18.57050731688165)	(3.0, 12.248821425865811)	(4.0, 8.579654371572683)	(5.0, 5.959765005325044)	(6.0, 4.169569787526692)	(7.0, 2.9139502274032103)	(8.0, 2.0383631453157203)	(9.0, 1.4552834638710808)	('>10', 4.490702257700138)	('>50', 0.2084333714969118)	('>100', 0.05191711261358259)	('>500', 0.0)	('>1k', 0.0)	('>5k', 0.0)	('>10k+', 0.0)
IDDLNTM15.A_R2	(1.0, 41.28817021981673)	(2.0, 17.72218633325149)	(3.0, 11.878793025962224)	(4.0, 8.21862684436994)	(5.0, 5.565947577443864)	(6.0, 4.034417704075555)	(7.0, 2.814259145412585)	(8.0, 2.060142035611146)	(9.0, 1.5251140794536373)	('>10', 4.452433639549588)	('>50', 0.21325919335452487)	('>100', 0.044446470569121675)	('>500', 0.0)	('>1k', 0.0)	('>5k', 0.18220373112960228)	('>10k+', 0.0)
IDDLNTM15.B_R1	(1.0, 33.875391573164656)	(2.0, 17.005294001765858)	(3.0, 12.18605879450701)	(4.0, 9.103154020205478)	(5.0, 6.535638104235892)	(6.0, 5.047293723946266)	(7.0, 3.733549979717122)	(8.0, 2.766871421071625)	(9.0, 2.0492964853166753)	('>10', 7.327153331056794)	('>50', 0.28417076102032673)	('>100', 0.07173288724499248)	('>500', 0.01439491674722507)	('>1k', 0.0)	('>5k', 0.0)	('>10k+', 0.0)
IDDLNTM15.B_R2	(1.0, 37.691719994063966)	(2.0, 16.0101932306295)	(3.0, 11.283506022672821)	(4.0, 8.416484336258012)	(5.0, 6.175872369584727)	(6.0, 4.656327674717998)	(7.0, 3.4496486688998225)	(8.0, 2.6074581370680776)	(9.0, 2.041688541870172)	('>10', 7.16913727151722)	('>50', 0.2287140523797594)	('>100', 0.07304985774401562)	('>500', 0.0)	('>1k', 0.0)	('>5k', 0.0)	('>10k+', 0.19619984259387982)
IDDLNTM152_R1	(1.0, 43.35380011031815)	(2.0, 20.08260202232718)	(3.0, 12.432630770830716)	(4.0, 7.901572341930277)	(5.0, 5.042475338544415)	(6.0, 3.2077335541087706)	(7.0, 2.077276159324216)	(8.0, 1.5447569957476674)	(9.0, 0.9726578747926056)	('>10', 3.2245818776932356)	('>50', 0.12856063681691463)	('>100', 0.013508232216829088)	('>500', 0.017844085349065442)	('>1k', 0.0)	('>5k', 0.0)	('>10k+', 0.0)
IDDLNTM152_R2	(1.0, 45.10784430710944)	(2.0, 19.288868488677263)	(3.0, 11.836401690423905)	(4.0, 7.45815431049992)	(5.0, 4.925541719712143)	(6.0, 3.239928506921539)	(7.0, 2.1743651562658473)	(8.0, 1.4381493872780071)	(9.0, 1.0482366593537384)	('>10', 3.1890343116681277)	('>50', 0.15062649785830615)	('>100', 0.020058640202019553)	('>500', 0.0)	('>1k', 0.12279032402971939)	('>5k', 0.0)	('>10k+', 0.0)
IDDLNTM18.A_R1	(1.0, 42.00682337201292)	(2.0, 19.10992830982302)	(3.0, 12.514583213395866)	(4.0, 8.143161803250345)	(5.0, 5.39036909470407)	(6.0, 3.7264695875620784)	(7.0, 2.4545179936853327)	(8.0, 1.7406328004919671)	(9.0, 1.1737723973192677)	('>10', 3.5134912551941366)	('>50', 0.19932955167310107)	('>100', 0.02692062088787896)	('>500', 0.0)	('>1k', 0.0)	('>5k', 0.0)	('>10k+', 0.0)
IDDLNTM18.A_R2	(1.0, 43.751340703760775)	(2.0, 18.496761533641397)	(3.0, 11.871989601684337)	(4.0, 7.805202385241417)	(5.0, 5.147999585510372)	(6.0, 3.6340431428280064)	(7.0, 2.566921345387908)	(8.0, 1.7210007671033711)	(9.0, 1.2141312104681437)	('>10', 3.4363295842125843)	('>50', 0.2201865745688567)	('>100', 0.02125966312327662)	('>500', 0.0)	('>1k', 0.11283390246955394)	('>5k', 0.0)	('>10k+', 0.0)
IDDLNTM18.B_R1	(1.0, 33.40840226167182)	(2.0, 16.57301680039393)	(3.0, 11.979081456383277)	(4.0, 8.903431906175216)	(5.0, 6.601348929000574)	(6.0, 5.069823305871064)	(7.0, 3.780515960873327)	(8.0, 2.7240223933294607)	(9.0, 2.142408509843081)	('>10', 8.3442008794333)	('>50', 0.328438779986504)	('>100', 0.1360694790713981)	('>500', 0.009239337967038706)	('>1k', 0.0)	('>5k', 0.0)	('>10k+', 0.0)
IDDLNTM18.B_R2	(1.0, 35.77984176850994)	(2.0, 15.875617854510187)	(3.0, 11.190700551933865)	(4.0, 8.405417124886021)	(5.0, 6.320303962295889)	(6.0, 4.882392388973636)	(7.0, 3.6401452636113043)	(8.0, 2.81275134840519)	(9.0, 2.1151619914093467)	('>10', 8.404389718527144)	('>50', 0.3406988940409395)	('>100', 0.1368476008381999)	('>500', 0.0)	('>1k', 0.0)	('>5k', 0.09573153205843603)	('>10k+', 0.0)
IDDLNTM19.A_R1	(1.0, 35.05789285319123)	(2.0, 17.200873388870775)	(3.0, 12.267738835993034)	(4.0, 9.259873695242584)	(5.0, 6.620398975125877)	(6.0, 5.002962146633494)	(7.0, 3.6380794538331394)	(8.0, 2.735698983521337)	(9.0, 1.9725497986957539)	('>10', 6.231071668562778)	('>50', 0.005320948047772741)	('>100', 0.007539252282190401)	('>500', 0.0)	('>1k', 0.0)	('>5k', 0.0)	('>10k+', 0.0)
IDDLNTM19.A_R2	(1.0, 38.04089382836062)	(2.0, 16.320644313923747)	(3.0, 11.47146464388354)	(4.0, 8.58523144185988)	(5.0, 6.376980567528588)	(6.0, 4.7520707423973265)	(7.0, 3.5894667798389737)	(8.0, 2.66485650704611)	(9.0, 1.9208652337902323)	('>10', 6.083950444878338)	('>50', 0.0045811036445404)	('>100', 0.0)	('>500', 0.0)	('>1k', 0.0)	('>5k', 0.0)	('>10k+', 0.18899439284811398)
IDDLNTM19.B_R1	(1.0, 33.14492040005022)	(2.0, 16.378480651743796)	(3.0, 11.848783423054094)	(4.0, 8.848563210943075)	(5.0, 6.691689548902378)	(6.0, 5.120458083313214)	(7.0, 3.7890558713758926)	(8.0, 3.0437348359646963)	(9.0, 2.2896083695911837)	('>10', 8.261883636231676)	('>50', 0.30147089642753094)	('>100', 0.26260733147228904)	('>500', 0.018743740930026932)	('>1k', 0.0)	('>5k', 0.0)	('>10k+', 0.0)
IDDLNTM19.B_R2	(1.0, 36.31671572756167)	(2.0, 15.363353117622818)	(3.0, 11.00456575647206)	(4.0, 8.471657481460422)	(5.0, 6.347096616816226)	(6.0, 4.826686444673026)	(7.0, 3.636909007949833)	(8.0, 2.7453338883666696)	(9.0, 2.310710873080719)	('>10', 8.273852960647009)	('>50', 0.2589091125245066)	('>100', 0.28198533901926437)	('>500', 0.009124874268069438)	('>1k', 0.0)	('>5k', 0.1530987995377178)	('>10k+', 0.0)
IDDLNTM19.C_R1	(1.0, 37.71217142211841)	(2.0, 17.982589173139736)	(3.0, 12.203878229056848)	(4.0, 8.749934847180254)	(5.0, 6.247224969089379)	(6.0, 4.339705223627224)	(7.0, 3.08713597857098)	(8.0, 2.3529017309144327)	(9.0, 1.6672889122947103)	('>10', 5.269079050908275)	('>50', 0.25335168705597483)	('>100', 0.13473877604378465)	('>500', 0.0)	('>1k', 0.0)	('>5k', 0.0)	('>10k+', 0.0)
IDDLNTM19.C_R2	(1.0, 39.606472676291915)	(2.0, 17.23191695807766)	(3.0, 11.689321440463305)	(4.0, 8.225519610214823)	(5.0, 6.026182621896727)	(6.0, 4.328291055622464)	(7.0, 3.169691063056494)	(8.0, 2.2121123116350563)	(9.0, 1.6224003520889314)	('>10', 5.317141420383991)	('>50', 0.24167947816284954)	('>100', 0.128120107462777)	('>500', 0.0)	('>1k', 0.0)	('>5k', 0.20115090464299362)	('>10k+', 0.0)
IDDLNTM1_R1	(1.0, 46.831346075298846)	(2.0, 18.910559191724303)	(3.0, 11.065554606640946)	(4.0, 6.867576465982495)	(5.0, 4.52757781777595)	(6.0, 2.8840695493446113)	(7.0, 1.9162384758541304)	(8.0, 1.3334964962064044)	(9.0, 0.9290872797621037)	('>10', 3.657901216440286)	('>50', 0.5944188768424747)	('>100', 0.46373373422993713)	('>500', 0.018440213897447526)	('>1k', 0.0)	('>5k', 0.0)	('>10k+', 0.0)
IDDLNTM1_R2	(1.0, 47.05858969251533)	(2.0, 18.241602147477813)	(3.0, 10.991083433975398)	(4.0, 7.006689980716785)	(5.0, 4.457788102455469)	(6.0, 2.8959035525188503)	(7.0, 2.0552281964461923)	(8.0, 1.263410277466071)	(9.0, 0.9970791171874556)	('>10', 3.8506459292179955)	('>50', 0.6055402691452554)	('>100', 0.5183923101737787)	('>500', 0.0)	('>1k', 0.058046990703616866)	('>5k', 0.0)	('>10k+', 0.0)
IDDLNTM2.A_R1	(1.0, 55.8129454427114)	(2.0, 19.508386156881304)	(3.0, 9.915514585757622)	(4.0, 5.371209268275156)	(5.0, 2.9409371427509043)	(6.0, 1.6644228256809197)	(7.0, 1.0675281955286735)	(8.0, 0.6563915123493844)	(9.0, 0.43849797709563715)	('>10', 2.1653591206894585)	('>50', 0.2955549100420486)	('>100', 0.11988005072965319)	('>500', 0.04337281150779258)	('>1k', 0.0)	('>5k', 0.0)	('>10k+', 0.0)
IDDLNTM2.A_R2	(1.0, 56.07349172226711)	(2.0, 19.055934650053864)	(3.0, 9.732775339427171)	(4.0, 5.315596680906984)	(5.0, 3.046957978276414)	(6.0, 1.8368880202941213)	(7.0, 1.0527031290523232)	(8.0, 0.6898252737818477)	(9.0, 0.4566291959263226)	('>10', 2.1654044249028654)	('>50', 0.3266218674853602)	('>100', 0.12657602914419208)	('>500', 0.0)	('>1k', 0.12059568848150147)	('>5k', 0.0)	('>10k+', 0.0)
IDDLNTM2.B_R1	(1.0, 53.36946922637337)	(2.0, 19.854698694806974)	(3.0, 10.833376657314552)	(4.0, 5.990520366464615)	(5.0, 3.4140312903576477)	(6.0, 2.0096335146687565)	(7.0, 1.1997889355739624)	(8.0, 0.7288409756442908)	(9.0, 0.4593858958101092)	('>10', 1.8981992621999857)	('>50', 0.1668233083031759)	('>100', 0.07523187248258346)	('>500', 0.0)	('>1k', 0.0)	('>5k', 0.0)	('>10k+', 0.0)
IDDLNTM2.B_R2	(1.0, 53.76618659735104)	(2.0, 19.23157816924835)	(3.0, 10.717273313893447)	(4.0, 5.929479561995755)	(5.0, 3.5834823400964675)	(6.0, 2.037527843186947)	(7.0, 1.19727555576328)	(8.0, 0.7559899805750476)	(9.0, 0.4725327154411537)	('>10', 1.9727413019306959)	('>50', 0.18416265881765564)	('>100', 0.07099106383413503)	('>500', 0.0)	('>1k', 0.08077889786597563)	('>5k', 0.0)	('>10k+', 0.0)
IDDLNTM2.C_R1	(1.0, 49.026559242446694)	(2.0, 20.6054979798544)	(3.0, 11.930363688977796)	(4.0, 7.049081325657372)	(5.0, 4.228424335307567)	(6.0, 2.5262447946695126)	(7.0, 1.6160152676244446)	(8.0, 1.0274437147512712)	(9.0, 0.627496961100873)	('>10', 1.3530730856227555)	('>50', 0.002213008713062645)	('>100', 0.007586595274271017)	('>500', 0.0)	('>1k', 0.0)	('>5k', 0.0)	('>10k+', 0.0)
IDDLNTM2.C_R2	(1.0, 50.17121609117204)	(2.0, 19.89554560801203)	(3.0, 11.466801953378358)	(4.0, 6.929620862771853)	(5.0, 4.227366016185883)	(6.0, 2.565834718444132)	(7.0, 1.5887550618564499)	(8.0, 0.9625126888812807)	(9.0, 0.6499005931545527)	('>10', 1.41920465860295)	('>50', 0.006187074676113023)	('>100', 0.0)	('>500', 0.0)	('>1k', 0.11705467286436985)	('>5k', 0.0)	('>10k+', 0.0)
IDDLNTM20_R1	(1.0, 33.37571977946144)	(2.0, 16.390564383140536)	(3.0, 11.80552209089946)	(4.0, 8.934444543809715)	(5.0, 6.697780093254548)	(6.0, 5.202830488085975)	(7.0, 3.7128516650535577)	(8.0, 2.936077239207391)	(9.0, 2.2136849700543793)	('>10', 8.30262331247235)	('>50', 0.23588743726336664)	('>100', 0.18252826346748396)	('>500', 0.009485733829698834)	('>1k', 0.0)	('>5k', 0.0)	('>10k+', 0.0)
IDDLNTM20_R2	(1.0, 36.301146986891574)	(2.0, 15.49987004827578)	(3.0, 11.044025402605007)	(4.0, 8.427066409333172)	(5.0, 6.412260702820823)	(6.0, 4.848041110921535)	(7.0, 3.7442555524051664)	(8.0, 2.8393684196864637)	(9.0, 2.1292945145087554)	('>10', 8.17544758841664)	('>50', 0.21578505628725383)	('>100', 0.18997346535860826)	('>500', 0.0)	('>1k', 0.0)	('>5k', 0.0)	('>10k+', 0.17346474248916174)
IDDLNTM21.A_R1	(1.0, 35.98295516918799)	(2.0, 17.370889030688822)	(3.0, 12.289869818853182)	(4.0, 8.996420438806108)	(5.0, 6.603536641568981)	(6.0, 4.874743247603381)	(7.0, 3.5633546980446287)	(8.0, 2.5936795137891853)	(9.0, 1.9816853265218946)	('>10', 5.728374169509602)	('>50', 0.0031908480577141204)	('>100', 0.011301097368545092)	('>500', 0.0)	('>1k', 0.0)	('>5k', 0.0)	('>10k+', 0.0)
IDDLNTM21.A_R2	(1.0, 38.526189319311385)	(2.0, 16.556079658184732)	(3.0, 11.808613742955602)	(4.0, 8.493009787242265)	(5.0, 6.315292430999387)	(6.0, 4.61999281575066)	(7.0, 3.4467030939577787)	(8.0, 2.541354367870418)	(9.0, 1.8211669969956008)	('>10', 5.721891569006038)	('>50', 0.003194144085874307)	('>100', 0.0)	('>500', 0.0)	('>1k', 0.0)	('>5k', 0.14651207364023427)	('>10k+', 0.0)
IDDLNTM21.B_R1	(1.0, 38.879072412697205)	(2.0, 18.22963367637848)	(3.0, 12.149619797632084)	(4.0, 8.455847071107117)	(5.0, 5.962601425892587)	(6.0, 4.235605324116606)	(7.0, 3.0614152108326405)	(8.0, 2.1171904952374714)	(9.0, 1.5518352927158525)	('>10', 4.981458102639845)	('>50', 0.25672007858172996)	('>100', 0.11900111216835516)	('>500', 0.0)	('>1k', 0.0)	('>5k', 0.0)	('>10k+', 0.0)
IDDLNTM21.B_R2	(1.0, 40.91794459857393)	(2.0, 17.318327190651715)	(3.0, 11.666979084804057)	(4.0, 8.22054895973018)	(5.0, 5.779834336423816)	(6.0, 4.116199009353575)	(7.0, 2.8564660743248926)	(8.0, 2.141324679518412)	(9.0, 1.5448885629154063)	('>10', 4.926748667089083)	('>50', 0.2285443011565266)	('>100', 0.10376831445326933)	('>500', 0.0)	('>1k', 0.0)	('>5k', 0.17842622100511543)	('>10k+', 0.0)
IDDLNTM22.A_R1	(1.0, 36.36428385847181)	(2.0, 17.128766844045803)	(3.0, 11.982843620494817)	(4.0, 8.606192915700571)	(5.0, 6.084214077558673)	(6.0, 4.652050692256022)	(7.0, 3.3450140185358808)	(8.0, 2.3799876702394833)	(9.0, 1.837487696245585)	('>10', 6.635224604418083)	('>50', 0.5457939474865683)	('>100', 0.42237293221141337)	('>500', 0.01576712233533266)	('>1k', 0.0)	('>5k', 0.0)	('>10k+', 0.0)
IDDLNTM22.A_R2	(1.0, 37.99479750210902)	(2.0, 16.38985498671267)	(3.0, 11.581329953507453)	(4.0, 8.293552884604109)	(5.0, 5.928417694899442)	(6.0, 4.417156310622699)	(7.0, 3.260014957994265)	(8.0, 2.504978801568023)	(9.0, 1.8422664913808888)	('>10', 6.695894410758078)	('>50', 0.5405830375869625)	('>100', 0.443823915219438)	('>500', 0.0)	('>1k', 0.0)	('>5k', 0.10732905303692337)	('>10k+', 0.0)
IDDLNTM22.B_R1	(1.0, 37.751792612253574)	(2.0, 17.895206365680206)	(3.0, 12.186195720309719)	(4.0, 8.5780111429069)	(5.0, 6.288816073891801)	(6.0, 4.339870129945951)	(7.0, 3.04884021534804)	(8.0, 2.2265006828392364)	(9.0, 1.5478916837168428)	('>10', 5.26791290585448)	('>50', 0.5002719569109048)	('>100', 0.35114031260270806)	('>500', 0.01755019773959305)	('>1k', 0.0)	('>5k', 0.0)	('>10k+', 0.0)
IDDLNTM22.B_R2	(1.0, 39.41971185612501)	(2.0, 17.253698869286602)	(3.0, 11.664839372066362)	(4.0, 8.173225655848636)	(5.0, 6.157623626327939)	(6.0, 4.197318239515925)	(7.0, 3.0035597307585515)	(8.0, 2.1253133148992815)	(9.0, 1.5468745553563448)	('>10', 5.465551977228761)	('>50', 0.4768990916512155)	('>100', 0.34880236466713904)	('>500', 0.0)	('>1k', 0.0)	('>5k', 0.16658134626815993)	('>10k+', 0.0)
IDDLNTM32_R1	(1.0, 37.372891226431705)	(2.0, 17.560458840577624)	(3.0, 12.43699250264191)	(4.0, 8.842829352106039)	(5.0, 6.436978831992188)	(6.0, 4.7388965590582)	(7.0, 3.3597721178704694)	(8.0, 2.357156097114517)	(9.0, 1.7705010116276731)	('>10', 5.100053577879003)	('>50', 0.003231216573330735)	('>100', 0.005422693494993139)	('>500', 0.014815972632337244)	('>1k', 0.0)	('>5k', 0.0)	('>10k+', 0.0)
IDDLNTM32_R2	(1.0, 39.95974346809866)	(2.0, 16.870016669544093)	(3.0, 11.619077780379925)	(4.0, 8.59758082981948)	(5.0, 5.987842753102368)	(6.0, 4.430056035035341)	(7.0, 3.1833523663992476)	(8.0, 2.3373885120658344)	(9.0, 1.7375318171616998)	('>10', 5.061386755361027)	('>50', 0.0)	('>100', 0.0)	('>500', 0.0)	('>1k', 0.0)	('>5k', 0.0)	('>10k+', 0.21602301303233837)
IDDLNTM33.A_R1	(1.0, 39.28193540239106)	(2.0, 18.534529914267637)	(3.0, 12.710511856106155)	(4.0, 8.746336801903887)	(5.0, 6.146225850809188)	(6.0, 4.282150261710265)	(7.0, 2.9932197694828715)	(8.0, 2.0977706562365634)	(9.0, 1.4535050555664948)	('>10', 3.737642309097437)	('>50', 0.0043616810284647705)	('>100', 0.0)	('>500', 0.011810441399925719)	('>1k', 0.0)	('>5k', 0.0)	('>10k+', 0.0)
IDDLNTM33.A_R2	(1.0, 41.08204029263818)	(2.0, 17.730612550513374)	(3.0, 12.163145338815923)	(4.0, 8.486851292633755)	(5.0, 5.843562034705315)	(6.0, 4.200255015093562)	(7.0, 2.9859810091035537)	(8.0, 2.0734189879319205)	(9.0, 1.4766053639277832)	('>10', 3.807512038589484)	('>50', 0.0)	('>100', 0.0)	('>500', 0.0)	('>1k', 0.0)	('>5k', 0.15001607604714623)	('>10k+', 0.0)
IDDLNTM33.B_R1	(1.0, 37.89596002136085)	(2.0, 18.223595133680153)	(3.0, 12.51161785145944)	(4.0, 8.984801081333917)	(5.0, 6.270199718465433)	(6.0, 4.3391471712015655)	(7.0, 3.319402167883972)	(8.0, 2.278137954727916)	(9.0, 1.688004844080747)	('>10', 4.474423936006873)	('>50', 0.003993841447874707)	('>100', 0.0)	('>500', 0.01071627835129677)	('>1k', 0.0)	('>5k', 0.0)	('>10k+', 0.0)
IDDLNTM33.B_R2	(1.0, 39.91567366105524)	(2.0, 17.24535111974694)	(3.0, 11.932281322464172)	(4.0, 8.648728340054763)	(5.0, 6.060682629725003)	(6.0, 4.3509104680404835)	(7.0, 3.12410331358155)	(8.0, 2.3144994148732825)	(9.0, 1.6743526698856739)	('>10', 4.585246711512925)	('>50', 0.0017203351477246)	('>100', 0.0)	('>500', 0.0)	('>1k', 0.0)	('>5k', 0.14645001391225665)	('>10k+', 0.0)
IDDLNTM33.C_R1	(1.0, 32.111665584818674)	(2.0, 16.604001905040498)	(3.0, 12.180765510489287)	(4.0, 9.242992466077443)	(5.0, 7.061893032641066)	(6.0, 5.344618550606649)	(7.0, 4.060004548162377)	(8.0, 3.1609470933409907)	(9.0, 2.353422007582285)	('>10', 7.847947962464262)	('>50', 0.001593451610167526)	('>100', 0.00672464455451176)	('>500', 0.0)	('>1k', 0.023423242611809655)	('>5k', 0.0)	('>10k+', 0.0)
IDDLNTM33.C_R2	(1.0, 35.092266775903845)	(2.0, 15.696946813610563)	(3.0, 11.511997767069795)	(4.0, 8.668638128741748)	(5.0, 6.649780052492342)	(6.0, 5.069841163626579)	(7.0, 3.8712551019152697)	(8.0, 3.0314562107552256)	(9.0, 2.2549076147019425)	('>10', 7.977412904004713)	('>50', 0.0)	('>100', 0.0)	('>500', 0.0)	('>1k', 0.0)	('>5k', 0.0)	('>10k+', 0.17549746717796386)
IDDLNTM35_R1	(1.0, 45.76633717499534)	(2.0, 20.173672739597276)	(3.0, 12.146652416850621)	(4.0, 7.357836130094795)	(5.0, 4.761623234518819)	(6.0, 3.032788327632231)	(7.0, 1.9133909120937085)	(8.0, 1.232921400871461)	(9.0, 0.8623774890450459)	('>10', 2.699241692312559)	('>50', 0.03562132570630593)	('>100', 0.002771209059475954)	('>500', 0.014765947222374912)	('>1k', 0.0)	('>5k', 0.0)	('>10k+', 0.0)
IDDLNTM35_R2	(1.0, 47.94658412998147)	(2.0, 18.999996076816235)	(3.0, 11.442084256984913)	(4.0, 7.0470613011913406)	(5.0, 4.57806083827681)	(6.0, 3.0359333085480507)	(7.0, 1.8695476190666735)	(8.0, 1.367044641233073)	(9.0, 0.7939986103979675)	('>10', 2.687473079548598)	('>50', 0.039901256741409374)	('>100', 0.0)	('>500', 0.0)	('>1k', 0.0)	('>5k', 0.19231488121340024)	('>10k+', 0.0)
IDDLNTM37_R1	(1.0, 40.180293232931085)	(2.0, 17.997033897032537)	(3.0, 12.19576508251596)	(4.0, 8.211265504812596)	(5.0, 5.685803838055824)	(6.0, 3.91883178583116)	(7.0, 2.7122227717859877)	(8.0, 1.8962670886916584)	(9.0, 1.3707654495894328)	('>10', 5.05780021802766)	('>50', 0.44980126994442204)	('>100', 0.3039059791948171)	('>500', 0.020243881586911507)	('>1k', 0.0)	('>5k', 0.0)	('>10k+', 0.0)
IDDLNTM37_R2	(1.0, 41.210592242443695)	(2.0, 17.483551369749602)	(3.0, 11.613478294505587)	(4.0, 8.174029816555565)	(5.0, 5.580686886368797)	(6.0, 3.8177651423949626)	(7.0, 2.7209689018825154)	(8.0, 1.9118053433642312)	(9.0, 1.3895342877802914)	('>10', 5.146976945762761)	('>50', 0.4272323494888352)	('>100', 0.3067408163917713)	('>500', 0.0)	('>1k', 0.0)	('>5k', 0.0)	('>10k+', 0.21663760331131526)
IDDLNTM38_R1	(1.0, 37.46348466679502)	(2.0, 18.12961793026879)	(3.0, 12.382036114025)	(4.0, 8.94551117432379)	(5.0, 6.329207642101379)	(6.0, 4.517991023137853)	(7.0, 3.2648997116778724)	(8.0, 2.40689509278031)	(9.0, 1.6967166346178775)	('>10', 4.855344274367679)	('>50', 0.0)	('>100', 0.008295735904429695)	('>500', 0.0)	('>1k', 0.0)	('>5k', 0.0)	('>10k+', 0.0)
IDDLNTM38_R2	(1.0, 39.84150904157546)	(2.0, 17.048079470513617)	(3.0, 11.740696870761628)	(4.0, 8.485741069059092)	(5.0, 6.038037316163481)	(6.0, 4.479553500922474)	(7.0, 3.1214736354996626)	(8.0, 2.320079086624987)	(9.0, 1.6716071239987265)	('>10', 5.0316237868745874)	('>50', 0.001629112531272176)	('>100', 0.0)	('>500', 0.0)	('>1k', 0.0)	('>5k', 0.0)	('>10k+', 0.21996998547501914)
IDDLNTM39_R1	(1.0, 45.42344044780646)	(2.0, 20.396113774564878)	(3.0, 12.167020205254374)	(4.0, 7.530522917619176)	(5.0, 4.684138794911636)	(6.0, 2.9469249591627062)	(7.0, 1.81293234670433)	(8.0, 1.246817341511596)	(9.0, 0.8135302220991653)	('>10', 2.510853914955303)	('>50', 0.29072533938582285)	('>100', 0.17697973602458514)	('>500', 0.0)	('>1k', 0.0)	('>5k', 0.0)	('>10k+', 0.0)
IDDLNTM39_R2	(1.0, 47.32305588008713)	(2.0, 19.339345936385424)	(3.0, 11.67420047164681)	(4.0, 7.282263701501063)	(5.0, 4.543224682868045)	(6.0, 2.962887172002625)	(7.0, 1.8870609561610543)	(8.0, 1.2225305214291033)	(9.0, 0.7791016975591236)	('>10', 2.4232802839647754)	('>50', 0.2950057039890133)	('>100', 0.17011621619588835)	('>500', 0.0)	('>1k', 0.09792677621003679)	('>5k', 0.0)	('>10k+', 0.0)
IDDLNTM4.A_R1	(1.0, 41.74156910960164)	(2.0, 18.469123952328395)	(3.0, 11.79168447396381)	(4.0, 8.101304181381188)	(5.0, 5.559991213690873)	(6.0, 3.893206686323851)	(7.0, 2.612410670137649)	(8.0, 1.9247157099730885)	(9.0, 1.3133161797183643)	('>10', 4.302664255664355)	('>50', 0.2385522536117258)	('>100', 0.05146131360506738)	('>500', 0.0)	('>1k', 0.0)	('>5k', 0.0)	('>10k+', 0.0)
IDDLNTM4.A_R2	(1.0, 43.02837973958485)	(2.0, 17.72552452504067)	(3.0, 11.312265322502329)	(4.0, 7.648124655890864)	(5.0, 5.553114748391793)	(6.0, 3.9197147232616287)	(7.0, 2.723097345582658)	(8.0, 1.9271111363750697)	(9.0, 1.3624400803151446)	('>10', 4.433418942985319)	('>50', 0.21512206076830773)	('>100', 0.06178754329239902)	('>500', 0.0)	('>1k', 0.08989917600902904)	('>5k', 0.0)	('>10k+', 0.0)
IDDLNTM4.B_R1	(1.0, 57.1634414683704)	(2.0, 20.076717795339796)	(3.0, 10.041038451189525)	(4.0, 5.2325801340992815)	(5.0, 2.8608237870532123)	(6.0, 1.6300814776721146)	(7.0, 0.8795459834862872)	(8.0, 0.5230973316494361)	(9.0, 0.33316301559688183)	('>10', 1.1882985983839163)	('>50', 0.051828411615020914)	('>100', 0.019383545544147156)	('>500', 0.0)	('>1k', 0.0)	('>5k', 0.0)	('>10k+', 0.0)
IDDLNTM4.B_R2	(1.0, 57.5083545597737)	(2.0, 19.303952151324076)	(3.0, 9.874070256101703)	(4.0, 5.256536138878761)	(5.0, 2.922402228184902)	(6.0, 1.68406018163447)	(7.0, 1.0257015618677396)	(8.0, 0.5874236745809405)	(9.0, 0.3612503223900769)	('>10', 1.3213445782621263)	('>50', 0.07649906227281036)	('>100', 0.0)	('>500', 0.0)	('>1k', 0.07840528472874221)	('>5k', 0.0)	('>10k+', 0.0)
IDDLNTM4.C_R1	(1.0, 39.61259740172102)	(2.0, 18.890500891036677)	(3.0, 12.536903689178953)	(4.0, 8.533565941852935)	(5.0, 5.820294735485268)	(6.0, 3.986720365987277)	(7.0, 2.8077690276450036)	(8.0, 1.9830560612931325)	(9.0, 1.4395255886264862)	('>10', 4.148891600132518)	('>50', 0.18552221648740722)	('>100', 0.038919401070735694)	('>500', 0.015733079482610622)	('>1k', 0.0)	('>5k', 0.0)	('>10k+', 0.0)
IDDLNTM4.C_R2	(1.0, 42.00510400689924)	(2.0, 18.09116699256347)	(3.0, 11.923633368876398)	(4.0, 8.100255885546272)	(5.0, 5.546578588726744)	(6.0, 3.8525118766805484)	(7.0, 2.71978268365572)	(8.0, 1.9465477536261346)	(9.0, 1.2878044496202494)	('>10', 4.116700567642169)	('>50', 0.20229670875269876)	('>100', 0.045233822695555016)	('>500', 0.0)	('>1k', 0.0)	('>5k', 0.16238329471484375)	('>10k+', 0.0)
IDDLNTM40_R1	(1.0, 46.42481689874155)	(2.0, 20.70663872835447)	(3.0, 12.380687842822715)	(4.0, 7.355052075610015)	(5.0, 4.611463241910023)	(6.0, 2.8788063127416454)	(7.0, 1.7461795026043385)	(8.0, 1.1805743633166383)	(9.0, 0.7339497711156053)	('>10', 1.9460477915059633)	('>50', 0.021671807171035295)	('>100', 0.0)	('>500', 0.014111664105980916)	('>1k', 0.0)	('>5k', 0.0)	('>10k+', 0.0)
IDDLNTM40_R2	(1.0, 45.76582629552966)	(2.0, 20.411332381802527)	(3.0, 12.22874963273933)	(4.0, 7.50684250131568)	(5.0, 4.751423898556426)	(6.0, 3.032564561367268)	(7.0, 1.9676856064786072)	(8.0, 1.1920613763032228)	(9.0, 0.8028692909921404)	('>10', 2.1812848807707734)	('>50', 0.026171075573837667)	('>100', 0.0)	('>500', 0.0)	('>1k', 0.0)	('>5k', 0.1331884985705168)	('>10k+', 0.0)
IDDLNTM41.A_R1	(1.0, 38.72188677931119)	(2.0, 18.483311005750576)	(3.0, 12.471584255444535)	(4.0, 8.567026429004287)	(5.0, 5.993542283712203)	(6.0, 4.242977666846403)	(7.0, 2.8614567893724163)	(8.0, 2.0153763683746044)	(9.0, 1.5041088695133151)	('>10', 4.546607460226413)	('>50', 0.31818093764046773)	('>100', 0.2739411548035803)	('>500', 0.0)	('>1k', 0.0)	('>5k', 0.0)	('>10k+', 0.0)
IDDLNTM41.A_R2	(1.0, 40.693688258128944)	(2.0, 17.571376360735126)	(3.0, 11.95190831948872)	(4.0, 8.175810860190971)	(5.0, 5.820500099833399)	(6.0, 4.107162977358863)	(7.0, 2.773654767447427)	(8.0, 2.056780684330077)	(9.0, 1.4055481260548393)	('>10', 4.686277078969144)	('>50', 0.31187867504391387)	('>100', 0.2608225227792404)	('>500', 0.011099521563563237)	('>1k', 0.0)	('>5k', 0.1734917480757341)	('>10k+', 0.0)
IDDLNTM41.B_R1	(1.0, 35.38794578142163)	(2.0, 17.175113116864445)	(3.0, 12.196762727083836)	(4.0, 8.766328281162705)	(5.0, 6.532759334813658)	(6.0, 4.847204917982989)	(7.0, 3.403881827860158)	(8.0, 2.5373905725180967)	(9.0, 1.9803295363878763)	('>10', 6.505049739137222)	('>50', 0.3286262948699463)	('>100', 0.31745683722564394)	('>500', 0.021151032671803682)	('>1k', 0.0)	('>5k', 0.0)	('>10k+', 0.0)
IDDLNTM41.B_R2	(1.0, 38.254382291981194)	(2.0, 16.495853900016456)	(3.0, 11.447231968257592)	(4.0, 8.383072418173043)	(5.0, 6.143571353720639)	(6.0, 4.393597804807471)	(7.0, 3.2916494688808986)	(8.0, 2.544202570347627)	(9.0, 1.8180540351230412)	('>10', 6.415266249396039)	('>50', 0.28776861425056116)	('>100', 0.31817380512797283)	('>500', 0.010323935007400774)	('>1k', 0.0)	('>5k', 0.0)	('>10k+', 0.19685158491020835)
IDDLNTM41.C_R1	(1.0, 37.15587033457947)	(2.0, 17.682651957464522)	(3.0, 12.376651608018967)	(4.0, 8.65840897420017)	(5.0, 6.225091298729947)	(6.0, 4.495743730741244)	(7.0, 3.19324094108996)	(8.0, 2.2917893317686335)	(9.0, 1.7662698834057715)	('>10', 5.5460414684977675)	('>50', 0.3068082440650424)	('>100', 0.27637906346918734)	('>500', 0.025053163969415676)	('>1k', 0.0)	('>5k', 0.0)	('>10k+', 0.0)
IDDLNTM41.C_R2	(1.0, 38.97595895939248)	(2.0, 16.976643738326644)	(3.0, 11.707139946950797)	(4.0, 8.35539450320073)	(5.0, 6.147209348062234)	(6.0, 4.280868751913542)	(7.0, 3.1904511851578006)	(8.0, 2.2440863171273016)	(9.0, 1.6807374111570734)	('>10', 5.67845152569162)	('>50', 0.3173207648735864)	('>100', 0.26097053185499075)	('>500', 0.010681685971763133)	('>1k', 0.0)	('>5k', 0.1740853303194692)	('>10k+', 0.0)
IDDLNTM42_R1	(1.0, 34.58188163587038)	(2.0, 17.10505776676868)	(3.0, 12.218521809730202)	(4.0, 9.07504629595044)	(5.0, 6.656656075626051)	(6.0, 5.089217325323997)	(7.0, 3.7538983195743385)	(8.0, 2.748996705469495)	(9.0, 2.119464014197834)	('>10', 6.629161574536105)	('>50', 0.007901049286128349)	('>100', 0.002254563560340198)	('>500', 0.01194286410596791)	('>1k', 0.0)	('>5k', 0.0)	('>10k+', 0.0)
IDDLNTM42_R2	(1.0, 36.894120770038306)	(2.0, 15.943363977379551)	(3.0, 11.529844227269543)	(4.0, 8.779475945508144)	(5.0, 6.525681944993979)	(6.0, 4.928670435288515)	(7.0, 3.642247416720886)	(8.0, 2.7261398122017226)	(9.0, 2.0700908598037246)	('>10', 6.769134410283923)	('>50', 0.001482421280807872)	('>100', 0.0)	('>500', 0.0)	('>1k', 0.0)	('>5k', 0.0)	('>10k+', 0.1897477792308867)
IDDLNTM43_R1	(1.0, 38.90380320729554)	(2.0, 18.733609625037076)	(3.0, 12.699631244673906)	(4.0, 8.547882803083521)	(5.0, 5.921939615791528)	(6.0, 4.11796909706081)	(7.0, 2.836238292297052)	(8.0, 2.1454863863265814)	(9.0, 1.4686100661194736)	('>10', 4.502804931781252)	('>50', 0.0773859293105225)	('>100', 0.027605652563421623)	('>500', 0.017033148659332475)	('>1k', 0.0)	('>5k', 0.0)	('>10k+', 0.0)
IDDLNTM43_R2	(1.0, 40.38113554516655)	(2.0, 18.153337113899703)	(3.0, 12.102904167507612)	(4.0, 8.237374015593135)	(5.0, 5.823146822710416)	(6.0, 4.087575596065323)	(7.0, 2.9023039840256963)	(8.0, 2.0300195828003624)	(9.0, 1.4916365590647034)	('>10', 4.561925010116159)	('>50', 0.07139655127935032)	('>100', 0.014631344493679251)	('>500', 0.0)	('>1k', 0.0)	('>5k', 0.14261370727730024)	('>10k+', 0.0)
IDDLNTM44_R1	(1.0, 39.12954334088576)	(2.0, 18.574443512642883)	(3.0, 12.099228808616155)	(4.0, 8.169253276766852)	(5.0, 5.663016023011875)	(6.0, 3.8693267065646344)	(7.0, 2.793426367585701)	(8.0, 1.9358245268683831)	(9.0, 1.428889582612763)	('>10', 5.449401627637741)	('>50', 0.5407889651501148)	('>100', 0.32954455388017956)	('>500', 0.017312707777007767)	('>1k', 0.0)	('>5k', 0.0)	('>10k+', 0.0)
IDDLNTM44_R2	(1.0, 41.06807955654331)	(2.0, 17.512420523492874)	(3.0, 11.55421953284977)	(4.0, 7.974463784155206)	(5.0, 5.646247456042883)	(6.0, 3.9542541357264933)	(7.0, 2.7567120713675317)	(8.0, 1.8647778050299288)	(9.0, 1.3723287394589534)	('>10', 5.275554510674683)	('>50', 0.5265911058347619)	('>100', 0.34242227781149476)	('>500', 0.0)	('>1k', 0.0)	('>5k', 0.15192850101207594)	('>10k+', 0.0)
IDDLNTM45_R1	(1.0, 38.99889562216196)	(2.0, 18.44083989840133)	(3.0, 12.628913500786757)	(4.0, 8.828017268589981)	(5.0, 6.105136320735399)	(6.0, 4.388147349062957)	(7.0, 3.059747610660229)	(8.0, 2.155644145299397)	(9.0, 1.5376968448018238)	('>10', 3.827221352547145)	('>50', 0.002361727191845458)	('>100', 0.0060291003495224205)	('>500', 0.021349259411650386)	('>1k', 0.0)	('>5k', 0.0)	('>10k+', 0.0)
IDDLNTM45_R2	(1.0, 41.256416245654414)	(2.0, 17.501407011566254)	(3.0, 11.889782699504241)	(4.0, 8.620371339906743)	(5.0, 5.820000776999016)	(6.0, 4.202113110981538)	(7.0, 3.013121346267956)	(8.0, 2.101233090836315)	(9.0, 1.467509200736396)	('>10', 3.9284272519744285)	('>50', 0.0)	('>100', 0.0)	('>500', 0.0)	('>1k', 0.0)	('>5k', 0.19961792557270874)	('>10k+', 0.0)
IDDLNTM46.A_R1	(1.0, 39.626805093586945)	(2.0, 17.903701147011457)	(3.0, 12.146080788497478)	(4.0, 8.502890412509993)	(5.0, 6.033609006227578)	(6.0, 4.237659684917068)	(7.0, 2.9465202997775832)	(8.0, 2.052852979646776)	(9.0, 1.4982537536003242)	('>10', 4.401830993043152)	('>50', 0.2653714262062065)	('>100', 0.3519298683231444)	('>500', 0.032494546652471916)	('>1k', 0.0)	('>5k', 0.0)	('>10k+', 0.0)
IDDLNTM46.A_R2	(1.0, 41.27475246821143)	(2.0, 17.393880746676903)	(3.0, 11.76923237185227)	(4.0, 8.177660145988702)	(5.0, 5.762095859124459)	(6.0, 4.114976896786772)	(7.0, 2.8612387489924056)	(8.0, 2.041124436899867)	(9.0, 1.4731972788736851)	('>10', 4.316862184389173)	('>50', 0.2736202616784156)	('>100', 0.3469140197630032)	('>500', 0.013346595506394608)	('>1k', 0.0)	('>5k', 0.1810979852564396)	('>10k+', 0.0)
IDDLNTM46.B_R1	(1.0, 39.71755103483802)	(2.0, 18.623122186629534)	(3.0, 12.526604872335835)	(4.0, 8.7351089180311)	(5.0, 5.962964855970389)	(6.0, 4.215404461101138)	(7.0, 3.003098039064609)	(8.0, 2.10895539917896)	(9.0, 1.4992616380576569)	('>10', 3.5843543209756703)	('>50', 0.003484989360156506)	('>100', 0.0024905110258803174)	('>500', 0.017598773431051495)	('>1k', 0.0)	('>5k', 0.0)	('>10k+', 0.0)
IDDLNTM46.B_R2	(1.0, 41.384738014421295)	(2.0, 17.95893182671902)	(3.0, 12.072877509555283)	(4.0, 8.401042840963484)	(5.0, 5.86455430655979)	(6.0, 4.029222135526869)	(7.0, 2.899952375854168)	(8.0, 2.0353975168872007)	(9.0, 1.4555959289168872)	('>10', 3.720117655677739)	('>50', 0.0)	('>100', 0.0)	('>500', 0.0)	('>1k', 0.0)	('>5k', 0.1775698889182683)	('>10k+', 0.0)
IDDLNTM48_R1	(1.0, 38.39225718962491)	(2.0, 17.767223433879447)	(3.0, 12.28948792154106)	(4.0, 8.486984911563935)	(5.0, 5.882769233203292)	(6.0, 4.34155246276906)	(7.0, 3.073835833671856)	(8.0, 2.2234553505431)	(9.0, 1.6106412294971142)	('>10', 5.236043575468974)	('>50', 0.2773353691653869)	('>100', 0.391789973130709)	('>500', 0.026623515941169296)	('>1k', 0.0)	('>5k', 0.0)	('>10k+', 0.0)
IDDLNTM48_R2	(1.0, 40.93482597177739)	(2.0, 17.248825224784902)	(3.0, 11.331516159842579)	(4.0, 8.053398108095642)	(5.0, 5.706077548236617)	(6.0, 4.039858894879363)	(7.0, 2.996265356982087)	(8.0, 2.1618551756453255)	(9.0, 1.5301423074576412)	('>10', 5.106504605601657)	('>50', 0.23858536626907645)	('>100', 0.40316585717365294)	('>500', 0.016717584344418522)	('>1k', 0.0)	('>5k', 0.0)	('>10k+', 0.23226183890962152)
IDDLNTM49_R1	(1.0, 46.30187992535135)	(2.0, 20.058641248047156)	(3.0, 12.252935199630448)	(4.0, 7.655965419764349)	(5.0, 4.817351013581683)	(6.0, 3.053754914151199)	(7.0, 2.010893754304279)	(8.0, 1.301007280991093)	(9.0, 0.8599069035326418)	('>10', 1.6775935211289081)	('>50', 0.0)	('>100', 0.010070819516878443)	('>500', 0.0)	('>1k', 0.0)	('>5k', 0.0)	('>10k+', 0.0)
IDDLNTM49_R2	(1.0, 46.758276082567804)	(2.0, 19.622620349250237)	(3.0, 11.9159691134691)	(4.0, 7.528310273724717)	(5.0, 4.799743478545502)	(6.0, 3.1023812075630084)	(7.0, 2.0041837539281198)	(8.0, 1.3325388617570162)	(9.0, 0.8783319939588153)	('>10', 1.9032739871821893)	('>50', 0.0)	('>100', 0.0)	('>500', 0.0)	('>1k', 0.15437089805346021)	('>5k', 0.0)	('>10k+', 0.0)
IDDLNTM50_R1	(1.0, 50.064008094694564)	(2.0, 21.07512915455274)	(3.0, 12.036359819259685)	(4.0, 6.833332522157678)	(5.0, 4.112324112717218)	(6.0, 2.2381747216282855)	(7.0, 1.4113982827781486)	(8.0, 0.889514733246885)	(9.0, 0.5010249178466927)	('>10', 0.8109104817174136)	('>50', 0.006316951006073783)	('>100', 0.0)	('>500', 0.021506208394604275)	('>1k', 0.0)	('>5k', 0.0)	('>10k+', 0.0)
IDDLNTM50_R2	(1.0, 51.96213522239144)	(2.0, 20.076248581845324)	(3.0, 11.462919104455642)	(4.0, 6.71377356561983)	(5.0, 3.942418208652846)	(6.0, 2.2560643592126026)	(7.0, 1.3361518788494646)	(8.0, 0.811001981018826)	(9.0, 0.5346250676055219)	('>10', 0.7534783213015208)	('>50', 0.0)	('>100', 0.0)	('>500', 0.0)	('>1k', 0.15118370904701883)	('>5k', 0.0)	('>10k+', 0.0)
IDDLNTM52_R1	(1.0, 38.83333348933051)	(2.0, 18.37056844969352)	(3.0, 12.30218747799648)	(4.0, 8.397740962703223)	(5.0, 5.894812976980043)	(6.0, 4.116777979612472)	(7.0, 2.8975574661181858)	(8.0, 2.053962652566018)	(9.0, 1.487280137279206)	('>10', 5.4087318316367625)	('>50', 0.1731245685036132)	('>100', 0.053989940430088576)	('>500', 0.00993206714983449)	('>1k', 0.0)	('>5k', 0.0)	('>10k+', 0.0)
IDDLNTM52_R2	(1.0, 41.74881056822039)	(2.0, 17.30254690226825)	(3.0, 11.655049912480289)	(4.0, 7.8602351903753975)	(5.0, 5.563481371623956)	(6.0, 3.955654578350139)	(7.0, 2.800640151877125)	(8.0, 1.9739941343639273)	(9.0, 1.48099619096017)	('>10', 5.206369609016116)	('>50', 0.1805076137187124)	('>100', 0.03862320428580262)	('>500', 0.0)	('>1k', 0.0)	('>5k', 0.0)	('>10k+', 0.23309057245976986)
IDDLNTM55.A_R1	(1.0, 37.733261716020664)	(2.0, 18.48671365652495)	(3.0, 12.707524047539637)	(4.0, 8.621222088433115)	(5.0, 5.9591042168749)	(6.0, 4.207380368972368)	(7.0, 2.941877631376735)	(8.0, 2.1637385789441637)	(9.0, 1.4682627328775293)	('>10', 5.136448253460789)	('>50', 0.2989174090637367)	('>100', 0.25947449000046474)	('>500', 0.016074809910879333)	('>1k', 0.0)	('>5k', 0.0)	('>10k+', 0.0)
IDDLNTM55.A_R2	(1.0, 40.400004709893146)	(2.0, 17.456070091261765)	(3.0, 11.945219120420068)	(4.0, 8.210052656297979)	(5.0, 5.578026896457035)	(6.0, 4.107055742971228)	(7.0, 2.902386646836281)	(8.0, 2.061884831481697)	(9.0, 1.4670021662963222)	('>10', 5.177834754926171)	('>50', 0.2962995148641284)	('>100', 0.2399155647565084)	('>500', 0.0)	('>1k', 0.0)	('>5k', 0.15824730353764255)	('>10k+', 0.0)
IDDLNTM55.B_R1	(1.0, 39.153667301358674)	(2.0, 18.41599368585982)	(3.0, 12.272937914839284)	(4.0, 8.6181308679365)	(5.0, 6.131303997116588)	(6.0, 4.277335525413631)	(7.0, 2.955670472973141)	(8.0, 2.086410670979884)	(9.0, 1.536305335598448)	('>10', 4.34048231895888)	('>50', 0.15662763249091868)	('>100', 0.039774170921812374)	('>500', 0.015360105552414039)	('>1k', 0.0)	('>5k', 0.0)	('>10k+', 0.0)
IDDLNTM55.B_R2	(1.0, 40.6428369334624)	(2.0, 17.8502250034961)	(3.0, 12.044160226061114)	(4.0, 8.108292433918711)	(5.0, 5.812343640998641)	(6.0, 4.172931613920174)	(7.0, 2.877665313624384)	(8.0, 2.114407022041455)	(9.0, 1.5578127588590722)	('>10', 4.460896693167995)	('>50', 0.16452141465082526)	('>100', 0.040901503456656156)	('>500', 0.0)	('>1k', 0.0)	('>5k', 0.15300544234240532)	('>10k+', 0.0)
IDDLNTM56_R1	(1.0, 40.52254790428549)	(2.0, 18.575941251686647)	(3.0, 12.229918060257367)	(4.0, 8.059832342405413)	(5.0, 5.553120476253751)	(6.0, 3.792910938812751)	(7.0, 2.550296460332412)	(8.0, 1.792551520379134)	(9.0, 1.3740042864456226)	('>10', 4.902766791305526)	('>50', 0.38222891911840984)	('>100', 0.24485973031770167)	('>500', 0.019021318399569245)	('>1k', 0.0)	('>5k', 0.0)	('>10k+', 0.0)
IDDLNTM56_R2	(1.0, 42.28911548979262)	(2.0, 18.01593909596548)	(3.0, 11.827927519621486)	(4.0, 7.837586242499943)	(5.0, 5.292152136460756)	(6.0, 3.5650014104596908)	(7.0, 2.541260971411954)	(8.0, 1.7660135697638035)	(9.0, 1.2771428420021362)	('>10', 4.791612676896953)	('>50', 0.39377922147446054)	('>100', 0.2322632556342667)	('>500', 0.0)	('>1k', 0.0)	('>5k', 0.17020556801638245)	('>10k+', 0.0)
IDDLNTM58_R1	(1.0, 47.264741031654886)	(2.0, 20.072823750534866)	(3.0, 11.425198140023932)	(4.0, 6.839678726968766)	(5.0, 4.239280118342015)	(6.0, 2.7482956474360556)	(7.0, 1.8198798604092015)	(8.0, 1.2831229701355982)	(9.0, 0.8443812846275524)	('>10', 3.3621892526995065)	('>50', 0.08456295094060212)	('>100', 0.01584626622699257)	('>500', 0.0)	('>1k', 0.0)	('>5k', 0.0)	('>10k+', 0.0)
IDDLNTM58_R2	(1.0, 48.34718392285988)	(2.0, 18.936386576762825)	(3.0, 11.082519103577022)	(4.0, 6.810439521458394)	(5.0, 4.349415186842565)	(6.0, 2.7969983391466795)	(7.0, 1.807774829558522)	(8.0, 1.3050487820003869)	(9.0, 0.8738171638961887)	('>10', 3.4779839791647187)	('>50', 0.09301137821556366)	('>100', 0.003462984250795866)	('>500', 0.0)	('>1k', 0.11595823226644415)	('>5k', 0.0)	('>10k+', 0.0)
IDDLNTM59_R1	(1.0, 44.9674726636986)	(2.0, 19.396561602250795)	(3.0, 11.777347174884484)	(4.0, 7.426676045145007)	(5.0, 4.783934949813098)	(6.0, 3.006276594537777)	(7.0, 2.038430809010538)	(8.0, 1.3694464381392573)	(9.0, 0.9257081377675156)	('>10', 3.607113120250241)	('>50', 0.4488432944162136)	('>100', 0.2521891700864666)	('>500', 0.0)	('>1k', 0.0)	('>5k', 0.0)	('>10k+', 0.0)
IDDLNTM59_R2	(1.0, 46.47534579815463)	(2.0, 18.503533817171206)	(3.0, 11.39552686816729)	(4.0, 7.25449502382655)	(5.0, 4.6417620783061135)	(6.0, 2.9039216276957607)	(7.0, 2.0820987869785217)	(8.0, 1.345729564403253)	(9.0, 0.9118007972832147)	('>10', 3.705290953573501)	('>50', 0.4401228936859171)	('>100', 0.2550662284345562)	('>500', 0.0)	('>1k', 0.08530556231956947)	('>5k', 0.0)	('>10k+', 0.0)
IDDLNTM5_R1	(1.0, 36.12420434950015)	(2.0, 17.77652722801703)	(3.0, 12.427923534896692)	(4.0, 8.981395631987676)	(5.0, 6.547998216942546)	(6.0, 4.7714940337349185)	(7.0, 3.4065378357117067)	(8.0, 2.541919989678244)	(9.0, 1.9549324444636584)	('>10', 5.454921675753078)	('>50', 0.0015778708596684214)	('>100', 0.010567188454667795)	('>500', 0.0)	('>1k', 0.0)	('>5k', 0.0)	('>10k+', 0.0)
IDDLNTM5_R2	(1.0, 39.0821299222396)	(2.0, 16.733894157533776)	(3.0, 11.831884669326502)	(4.0, 8.273036535156486)	(5.0, 6.25733445965479)	(6.0, 4.553501527230831)	(7.0, 3.2684932402100215)	(8.0, 2.498470886707641)	(9.0, 1.8125521549675214)	('>10', 5.510500531319002)	('>50', 0.001561816387780471)	('>100', 0.0)	('>500', 0.0)	('>1k', 0.0)	('>5k', 0.17664009926607213)	('>10k+', 0.0)
IDDLNTM6.A_R1	(1.0, 38.30422461719218)	(2.0, 18.25213272181542)	(3.0, 12.26507409325483)	(4.0, 8.624768119480418)	(5.0, 6.0357553934420425)	(6.0, 4.420785028271103)	(7.0, 3.1324200795809816)	(8.0, 2.1654929019435767)	(9.0, 1.6111688867765959)	('>10', 4.952984230970828)	('>50', 0.1877087701172525)	('>100', 0.04748515715470183)	('>500', 0.0)	('>1k', 0.0)	('>5k', 0.0)	('>10k+', 0.0)
IDDLNTM6.A_R2	(1.0, 40.40754489721192)	(2.0, 17.313937258789277)	(3.0, 11.8864878571639)	(4.0, 8.271708834323075)	(5.0, 5.893071777391104)	(6.0, 4.215398456367728)	(7.0, 3.01768327770809)	(8.0, 2.1757281471458367)	(9.0, 1.5242640046550249)	('>10', 4.867908331604505)	('>50', 0.23068102432559195)	('>100', 0.034168840647775985)	('>500', 0.0)	('>1k', 0.0)	('>5k', 0.16141729266631993)	('>10k+', 0.0)
IDDLNTM6.B_R1	(1.0, 38.098461007815516)	(2.0, 17.971516750400742)	(3.0, 12.269444425126101)	(4.0, 8.668082659854717)	(5.0, 6.174111331231289)	(6.0, 4.2927844157781925)	(7.0, 3.156833166443486)	(8.0, 2.324595683416518)	(9.0, 1.686395271230602)	('>10', 5.107426348185464)	('>50', 0.19069736588340921)	('>100', 0.04804518519686388)	('>500', 0.011606389437078597)	('>1k', 0.0)	('>5k', 0.0)	('>10k+', 0.0)
IDDLNTM6.B_R2	(1.0, 40.168321615666066)	(2.0, 17.02404642103506)	(3.0, 11.914206947523992)	(4.0, 8.363338378484393)	(5.0, 5.947562971620148)	(6.0, 4.210460886202097)	(7.0, 2.9977612938024487)	(8.0, 2.2286944992559143)	(9.0, 1.590090272738158)	('>10', 5.12914659070729)	('>50', 0.21603098900841677)	('>100', 0.04435883562649085)	('>500', 0.0)	('>1k', 0.0)	('>5k', 0.16598029832957434)	('>10k+', 0.0)
IDDLNTM60_R1	(1.0, 45.63657087325403)	(2.0, 19.986096607781136)	(3.0, 12.02135711788504)	(4.0, 7.350511818084447)	(5.0, 4.521142070293702)	(6.0, 2.877251976134837)	(7.0, 1.7517129677796628)	(8.0, 1.2721252312566649)	(9.0, 0.8196140471224411)	('>10', 3.17531393883388)	('>50', 0.4159270647522448)	('>100', 0.15633075466864255)	('>500', 0.016045532153215077)	('>1k', 0.0)	('>5k', 0.0)	('>10k+', 0.0)
IDDLNTM60_R2	(1.0, 46.78569031603015)	(2.0, 19.30513568152532)	(3.0, 11.53241505424816)	(4.0, 7.087967436426447)	(5.0, 4.477781265159534)	(6.0, 2.847351598240914)	(7.0, 1.9207923573120813)	(8.0, 1.1955596083261122)	(9.0, 0.8395488601869228)	('>10', 3.3281436873721306)	('>50', 0.40000454629201015)	('>100', 0.16651515386003082)	('>500', 0.0)	('>1k', 0.11309443502015983)	('>5k', 0.0)	('>10k+', 0.0)
IDDLNTM61_R1	(1.0, 43.88758224369572)	(2.0, 19.312800049379927)	(3.0, 12.006793519552879)	(4.0, 7.6574440664383765)	(5.0, 4.939839120618932)	(6.0, 3.238603390314019)	(7.0, 2.1582190339344196)	(8.0, 1.4525719053130741)	(9.0, 0.9331043650269113)	('>10', 3.702741838598142)	('>50', 0.46288474924261813)	('>100', 0.22507077780294604)	('>500', 0.022344940082067354)	('>1k', 0.0)	('>5k', 0.0)	('>10k+', 0.0)
IDDLNTM61_R2	(1.0, 45.59426773948857)	(2.0, 18.721377347957926)	(3.0, 11.61206763097718)	(4.0, 7.337762021703346)	(5.0, 4.698880130623531)	(6.0, 3.195376039390871)	(7.0, 2.098124421363866)	(8.0, 1.3835464320934368)	(9.0, 0.9227747274511722)	('>10', 3.6182436375797677)	('>50', 0.4577337229664905)	('>100', 0.2095792884040714)	('>500', 0.0)	('>1k', 0.0)	('>5k', 0.1502668599997492)	('>10k+', 0.0)
IDDLNTM63_R1	(1.0, 44.48006508182876)	(2.0, 20.14174307111327)	(3.0, 12.48625725865179)	(4.0, 7.7275679016683325)	(5.0, 4.85974131605117)	(6.0, 3.135819399391774)	(7.0, 2.12241734004889)	(8.0, 1.4475109273197533)	(9.0, 0.8664003588978885)	('>10', 2.672688614939249)	('>50', 0.03684420041318254)	('>100', 0.0035216024812642537)	('>500', 0.019422927194681014)	('>1k', 0.0)	('>5k', 0.0)	('>10k+', 0.0)
IDDLNTM63_R2	(1.0, 45.92289074518477)	(2.0, 19.564711051008516)	(3.0, 11.890422754304717)	(4.0, 7.425700467984376)	(5.0, 4.7892509807215555)	(6.0, 3.1609736411444636)	(7.0, 2.091714203626372)	(8.0, 1.3913336777650738)	(9.0, 0.876324167919407)	('>10', 2.7011918017722345)	('>50', 0.03657337397314796)	('>100', 0.0)	('>500', 0.0)	('>1k', 0.0)	('>5k', 0.14891313459540245)	('>10k+', 0.0)
IDDLNTM64_R1	(1.0, 41.76739460707445)	(2.0, 20.205061762274173)	(3.0, 12.892886426461212)	(4.0, 8.367303361225154)	(5.0, 5.582980640809683)	(6.0, 3.6974464813531274)	(7.0, 2.4325554856835176)	(8.0, 1.6355355616234295)	(9.0, 1.147632603939223)	('>10', 2.2471624172488065)	('>50', 0.0022202011954150763)	('>100', 0.002897356634221921)	('>500', 0.018923094477599094)	('>1k', 0.0)	('>5k', 0.0)	('>10k+', 0.0)
IDDLNTM64_R2	(1.0, 43.897299279582285)	(2.0, 18.75226493167043)	(3.0, 12.289947231639594)	(4.0, 8.15608740544728)	(5.0, 5.4411010451618855)	(6.0, 3.667009474823836)	(7.0, 2.5977855887664956)	(8.0, 1.6640521648845825)	(9.0, 1.0778989714798057)	('>10', 2.3265277238017625)	('>50', 0.0)	('>100', 0.0)	('>500', 0.0)	('>1k', 0.13002618274204839)	('>5k', 0.0)	('>10k+', 0.0)
IDDLNTM67_R1	(1.0, 39.480843345630326)	(2.0, 18.76915809045501)	(3.0, 12.745221664325692)	(4.0, 8.76010646033108)	(5.0, 5.965813506859421)	(6.0, 4.187449333610563)	(7.0, 2.978322344572848)	(8.0, 2.05742547578536)	(9.0, 1.4462630739835927)	('>10', 3.5930134148746107)	('>50', 0.004390231177934381)	('>100', 0.01199305839359144)	('>500', 0.0)	('>1k', 0.0)	('>5k', 0.0)	('>10k+', 0.0)
IDDLNTM67_R2	(1.0, 40.85992503029375)	(2.0, 18.381358807597074)	(3.0, 12.041196651139172)	(4.0, 8.391611375196089)	(5.0, 5.86854984718593)	(6.0, 4.072330582514161)	(7.0, 2.8989440975793226)	(8.0, 2.0591228052565334)	(9.0, 1.4573734267739642)	('>10', 3.8279730703213497)	('>50', 0.0)	('>100', 0.0)	('>500', 0.0)	('>1k', 0.0)	('>5k', 0.14161430614263978)	('>10k+', 0.0)
IDDLNTM68_R1	(1.0, 38.053813011544385)	(2.0, 18.82451075858544)	(3.0, 12.6840613213901)	(4.0, 8.866962379343144)	(5.0, 6.325323165599546)	(6.0, 4.363741845709999)	(7.0, 3.010906044589531)	(8.0, 2.185060837915649)	(9.0, 1.6020738206678715)	('>10', 4.063001524245608)	('>50', 0.0020659801062095622)	('>100', 0.0032469479558556876)	('>500', 0.015232362346615623)	('>1k', 0.0)	('>5k', 0.0)	('>10k+', 0.0)
IDDLNTM68_R2	(1.0, 40.43470932405138)	(2.0, 17.621784993795185)	(3.0, 12.06607299008243)	(4.0, 8.45347580911759)	(5.0, 6.123016934412692)	(6.0, 4.220964900653661)	(7.0, 3.036106411061851)	(8.0, 2.159586541252455)	(9.0, 1.59614990408226)	('>10', 4.127511961393669)	('>50', 0.0)	('>100', 0.0)	('>500', 0.0)	('>1k', 0.0)	('>5k', 0.16062023009677595)	('>10k+', 0.0)
IDDLNTM7.A_R1	(1.0, 36.9556659738502)	(2.0, 17.861319334944735)	(3.0, 12.167096352719922)	(4.0, 8.705594386859616)	(5.0, 6.228832524308656)	(6.0, 4.519462605355611)	(7.0, 3.233076237606457)	(8.0, 2.2958208050120352)	(9.0, 1.713902765534409)	('>10', 5.784837456618622)	('>50', 0.37065550130045843)	('>100', 0.1503087217762331)	('>500', 0.013427334113142347)	('>1k', 0.0)	('>5k', 0.0)	('>10k+', 0.0)
IDDLNTM7.A_R2	(1.0, 39.458150892462214)	(2.0, 16.876907125100672)	(3.0, 11.752316594109507)	(4.0, 8.428720912980577)	(5.0, 5.8215509097642775)	(6.0, 4.313209679117593)	(7.0, 3.072452530076283)	(8.0, 2.207627817906747)	(9.0, 1.601098143118596)	('>10', 5.738529039173297)	('>50', 0.4004280498991178)	('>100', 0.147328593746681)	('>500', 0.0)	('>1k', 0.0)	('>5k', 0.18167971254444723)	('>10k+', 0.0)
IDDLNTM7.B_R1	(1.0, 38.23586541955092)	(2.0, 17.97942726669756)	(3.0, 12.033725075160653)	(4.0, 8.260697042268001)	(5.0, 6.0394896290102125)	(6.0, 4.1648878401834954)	(7.0, 3.05444739600879)	(8.0, 2.2442119009377577)	(9.0, 1.5865183491332449)	('>10', 5.8581807791105485)	('>50', 0.38629172371639936)	('>100', 0.1562575782224673)	('>500', 0.0)	('>1k', 0.0)	('>5k', 0.0)	('>10k+', 0.0)
IDDLNTM7.B_R2	(1.0, 39.92147465464734)	(2.0, 16.89553797697208)	(3.0, 11.701275831098744)	(4.0, 8.25416358727891)	(5.0, 5.741222693958742)	(6.0, 4.149190717242202)	(7.0, 2.9563577874026628)	(8.0, 2.2175939684791053)	(9.0, 1.5691409259081042)	('>10', 5.864386425293239)	('>50', 0.3564882243221509)	('>100', 0.18375742740476536)	('>500', 0.0)	('>1k', 0.0)	('>5k', 0.1894097799919533)	('>10k+', 0.0)
IDDLNTM7.C_R1	(1.0, 34.69125862420867)	(2.0, 17.291197748532163)	(3.0, 12.433717534649654)	(4.0, 8.829375803368686)	(5.0, 6.491232528658881)	(6.0, 4.74740274537901)	(7.0, 3.5716638915289)	(8.0, 2.615034469507739)	(9.0, 2.011263667500275)	('>10', 6.706833724641668)	('>50', 0.4089642107901235)	('>100', 0.18954165535042528)	('>500', 0.01251339588383135)	('>1k', 0.0)	('>5k', 0.0)	('>10k+', 0.0)
IDDLNTM7.C_R2	(1.0, 37.68126832754504)	(2.0, 16.273990829446433)	(3.0, 11.641923746122785)	(4.0, 8.25036924511799)	(5.0, 6.223870823102351)	(6.0, 4.649443787560779)	(7.0, 3.3320507276153024)	(8.0, 2.5195779182398597)	(9.0, 1.9386368740970896)	('>10', 6.675741332722566)	('>50', 0.42215089196357797)	('>100', 0.1919165714266382)	('>500', 0.0)	('>1k', 0.0)	('>5k', 0.0)	('>10k+', 0.1990589250395847)
IDDLNTM70_R1	(1.0, 40.20522862222967)	(2.0, 19.85924969840106)	(3.0, 12.97561443544103)	(4.0, 8.566343892296366)	(5.0, 5.697978279091433)	(6.0, 3.949047047158792)	(7.0, 2.673338518422426)	(8.0, 1.8943520040264534)	(9.0, 1.2576170304185987)	('>10', 2.906385969573405)	('>50', 0.004992617807845038)	('>100', 0.00985188513290284)	('>500', 0.0)	('>1k', 0.0)	('>5k', 0.0)	('>10k+', 0.0)
IDDLNTM70_R2	(1.0, 41.714519075697424)	(2.0, 19.043611395378917)	(3.0, 12.427051296148035)	(4.0, 8.382700291437951)	(5.0, 5.70740426147605)	(6.0, 3.902301671644943)	(7.0, 2.6257750790192094)	(8.0, 1.8316382949123318)	(9.0, 1.2359239555267552)	('>10', 3.0215772606213203)	('>50', 0.0)	('>100', 0.0)	('>500', 0.0)	('>1k', 0.10749741813706531)	('>5k', 0.0)	('>10k+', 0.0)
IDDLNTM71_R1	(1.0, 42.75676157048008)	(2.0, 20.14871269915271)	(3.0, 12.67075204012328)	(4.0, 8.363380223222803)	(5.0, 5.282827882075664)	(6.0, 3.5720453467159823)	(7.0, 2.3036586810377635)	(8.0, 1.64982891091874)	(9.0, 1.0957345530237088)	('>10', 2.1280971345300945)	('>50', 0.004590158626020142)	('>100', 0.004603363540173536)	('>500', 0.019007436552974603)	('>1k', 0.0)	('>5k', 0.0)	('>10k+', 0.0)
IDDLNTM71_R2	(1.0, 44.1383388935238)	(2.0, 19.25159960084106)	(3.0, 12.211976863702791)	(4.0, 8.044615291947533)	(5.0, 5.408613508719378)	(6.0, 3.493444048956942)	(7.0, 2.3394136398272023)	(8.0, 1.5504317271080064)	(9.0, 1.057040438567237)	('>10', 2.3693995173094615)	('>50', 0.0)	('>100', 0.0)	('>500', 0.0)	('>1k', 0.1351264694966042)	('>5k', 0.0)	('>10k+', 0.0)
IDDLNTM72_R1	(1.0, 63.90993572750301)	(2.0, 20.0082651123374)	(3.0, 8.881976961417879)	(4.0, 3.8755207740405813)	(5.0, 1.7713743039201215)	(6.0, 0.8017536226572782)	(7.0, 0.39584885531511704)	(8.0, 0.1530624439417809)	(9.0, 0.07777038732708544)	('>10', 0.07204910115807713)	('>50', 0.003351405276141188)	('>100', 0.013682791333107748)	('>500', 0.03540851377241504)	('>1k', 0.0)	('>5k', 0.0)	('>10k+', 0.0)
IDDLNTM72_R2	(1.0, 61.657489259521256)	(2.0, 20.439927039707786)	(3.0, 9.456884070042097)	(4.0, 4.380411077193121)	(5.0, 2.1369555623283683)	(6.0, 0.933238571237345)	(7.0, 0.4473175175690001)	(8.0, 0.18886606283269644)	(9.0, 0.10983685176871405)	('>10', 0.10239243915746335)	('>50', 0.0)	('>100', 0.0)	('>500', 0.0)	('>1k', 0.1466815486421707)	('>5k', 0.0)	('>10k+', 0.0)
IDDLNTM73_R1	(1.0, 36.67579320420623)	(2.0, 18.23881123913454)	(3.0, 12.766881863471601)	(4.0, 9.020464213537284)	(5.0, 6.386474788213701)	(6.0, 4.61945291254536)	(7.0, 3.364429648568606)	(8.0, 2.414079992886201)	(9.0, 1.7642846007853468)	('>10', 4.7209686206626005)	('>50', 0.0018219202203558398)	('>100', 0.0072087875415883995)	('>500', 0.01932820822656175)	('>1k', 0.0)	('>5k', 0.0)	('>10k+', 0.0)
IDDLNTM73_R2	(1.0, 39.1087533211498)	(2.0, 17.293469826181788)	(3.0, 11.91333713182361)	(4.0, 8.610710471418251)	(5.0, 6.183555392883966)	(6.0, 4.639134127642978)	(7.0, 3.2216463215899984)	(8.0, 2.3997717951157354)	(9.0, 1.6595245306323991)	('>10', 4.804400721304042)	('>50', 0.0)	('>100', 0.0)	('>500', 0.0)	('>1k', 0.0)	('>5k', 0.16569636025742487)	('>10k+', 0.0)
IDDLNTM74_R1	(1.0, 41.201918659431655)	(2.0, 19.596103247741663)	(3.0, 13.030742764730755)	(4.0, 8.727357588001183)	(5.0, 5.874009918381285)	(6.0, 3.9303456423950465)	(7.0, 2.5411681858973396)	(8.0, 1.60376607104954)	(9.0, 1.1111626691919476)	('>10', 2.358843557567624)	('>50', 0.0)	('>100', 0.007293613998020168)	('>500', 0.017288081613964265)	('>1k', 0.0)	('>5k', 0.0)	('>10k+', 0.0)
IDDLNTM74_R2	(1.0, 42.98528893864337)	(2.0, 18.816985808698657)	(3.0, 12.468354920530594)	(4.0, 8.362585162096758)	(5.0, 5.788926740065828)	(6.0, 3.7530435570000527)	(7.0, 2.5193142734045546)	(8.0, 1.6865342287552896)	(9.0, 1.129634485907049)	('>10', 2.3675224744508316)	('>50', 0.0)	('>100', 0.0)	('>500', 0.0)	('>1k', 0.0)	('>5k', 0.12180941044698992)	('>10k+', 0.0)
IDDLNTM75_R1	(1.0, 41.743926773115334)	(2.0, 19.24580983573429)	(3.0, 12.562802849558578)	(4.0, 8.48831204116495)	(5.0, 5.627972195152181)	(6.0, 3.9242285024472814)	(7.0, 2.6567455170633734)	(8.0, 1.7370418009607904)	(9.0, 1.242298678368497)	('>10', 2.756952356782807)	('>50', 0.002478468985637346)	('>100', 0.01143098066628214)	('>500', 0.0)	('>1k', 0.0)	('>5k', 0.0)	('>10k+', 0.0)
IDDLNTM75_R2	(1.0, 42.516937543698944)	(2.0, 18.59717925895388)	(3.0, 12.209049814226223)	(4.0, 8.422528772396925)	(5.0, 5.597744199756157)	(6.0, 3.829854968261236)	(7.0, 2.6158272229590582)	(8.0, 1.8003641234695171)	(9.0, 1.2824025911986117)	('>10', 2.9729282134606083)	('>50', 0.0)	('>100', 0.0)	('>500', 0.0)	('>1k', 0.0)	('>5k', 0.15518329161886502)	('>10k+', 0.0)
IDDLNTM76_R1	(1.0, 39.316919622362825)	(2.0, 19.130442793195154)	(3.0, 12.849244523785705)	(4.0, 9.078131091394843)	(5.0, 6.031420291667302)	(6.0, 4.14173378155245)	(7.0, 2.910197908695042)	(8.0, 2.066523993350823)	(9.0, 1.3706800896587867)	('>10', 3.0760047078647927)	('>50', 0.002070913454825056)	('>100', 0.007698309150636785)	('>500', 0.01893197386683594)	('>1k', 0.0)	('>5k', 0.0)	('>10k+', 0.0)
IDDLNTM76_R2	(1.0, 41.42329139721166)	(2.0, 18.04017124299736)	(3.0, 12.4372240352601)	(4.0, 8.443799745601002)	(5.0, 5.892377474655676)	(6.0, 4.115346434474483)	(7.0, 2.9044028005503715)	(8.0, 1.9578508223168665)	(9.0, 1.3736080699747693)	('>10', 3.273011291574427)	('>50', 0.0)	('>100', 0.0)	('>500', 0.0)	('>1k', 0.0)	('>5k', 0.13891668538331045)	('>10k+', 0.0)
IDDLNTM77_R1	(1.0, 53.36877158441582)	(2.0, 20.456127316144173)	(3.0, 11.22728874851259)	(4.0, 6.356358889484255)	(5.0, 3.73195031068256)	(6.0, 2.0447568854841833)	(7.0, 1.1921282260221449)	(8.0, 0.6573308858224154)	(9.0, 0.39799864200768315)	('>10', 0.5275185653432231)	('>50', 0.0021781300230858947)	('>100', 0.010271258280931974)	('>500', 0.027320557776983556)	('>1k', 0.0)	('>5k', 0.0)	('>10k+', 0.0)
IDDLNTM77_R2	(1.0, 54.366369863798404)	(2.0, 19.582838865348037)	(3.0, 10.929612723125441)	(4.0, 6.3746412016410385)	(5.0, 3.4861680785683906)	(6.0, 2.141012127717375)	(7.0, 1.204982618037558)	(8.0, 0.7330037301081276)	(9.0, 0.41669559407270473)	('>10', 0.6258207733487673)	('>50', 0.0)	('>100', 0.0)	('>500', 0.0)	('>1k', 0.13885442423413097)	('>5k', 0.0)	('>10k+', 0.0)
IDDLNTM78_R1	(1.0, 41.70720304938602)	(2.0, 18.93034287568944)	(3.0, 12.364977770734287)	(4.0, 8.388648741130368)	(5.0, 5.624968509615242)	(6.0, 3.8884192335131273)	(7.0, 2.761483425519574)	(8.0, 1.8405926175036447)	(9.0, 1.3455926491744314)	('>10', 3.1239622338165316)	('>50', 0.0017747788273743048)	('>100', 0.0038636958787848542)	('>500', 0.018170419211152547)	('>1k', 0.0)	('>5k', 0.0)	('>10k+', 0.0)
IDDLNTM78_R2	(1.0, 41.59803554497268)	(2.0, 18.42480129447803)	(3.0, 12.198108038533938)	(4.0, 8.335687421086519)	(5.0, 5.839608818040554)	(6.0, 4.009501793974525)	(7.0, 2.7573943025518757)	(8.0, 1.941934215437021)	(9.0, 1.3281008877185685)	('>10', 3.4119948540511977)	('>50', 0.0)	('>100', 0.0)	('>500', 0.0)	('>1k', 0.0)	('>5k', 0.1548328291550821)	('>10k+', 0.0)
IDDLNTM79_R1	(1.0, 38.00841706452559)	(2.0, 18.25050228494727)	(3.0, 12.576185320590378)	(4.0, 9.010475164856306)	(5.0, 6.301477467983339)	(6.0, 4.414664247193039)	(7.0, 3.1394605746476922)	(8.0, 2.308442023181432)	(9.0, 1.6373131480481788)	('>10', 4.3286566915685505)	('>50', 0.0020039555836665643)	('>100', 0.004066927951312812)	('>500', 0.018335128923193344)	('>1k', 0.0)	('>5k', 0.0)	('>10k+', 0.0)
IDDLNTM79_R2	(1.0, 40.106542707749185)	(2.0, 17.30485426416145)	(3.0, 11.926069239379544)	(4.0, 8.526208359978634)	(5.0, 5.965458399971029)	(6.0, 4.439246855521963)	(7.0, 3.2123198071587193)	(8.0, 2.2714937005750278)	(9.0, 1.7089157739811844)	('>10', 4.391108980822368)	('>50', 0.001689286065597432)	('>100', 0.0)	('>500', 0.0)	('>1k', 0.0)	('>5k', 0.1460926246352636)	('>10k+', 0.0)
IDDLNTM81_R1	(1.0, 40.135340187292186)	(2.0, 19.368689900525602)	(3.0, 12.656815651298068)	(4.0, 8.726458081816274)	(5.0, 5.822235921932525)	(6.0, 4.0116848307038175)	(7.0, 2.749787739287502)	(8.0, 1.8903743614027166)	(9.0, 1.4316635234281128)	('>10', 3.2031132201295907)	('>50', 0.0)	('>100', 0.0038365821835697946)	('>500', 0.0)	('>1k', 0.0)	('>5k', 0.0)	('>10k+', 0.0)
IDDLNTM81_R2	(1.0, 42.26979413817416)	(2.0, 18.604694171489662)	(3.0, 12.169228125047509)	(4.0, 8.207250874309935)	(5.0, 5.573092978159605)	(6.0, 3.8421278854148326)	(7.0, 2.6287917363134254)	(8.0, 1.9770447659311285)	(9.0, 1.3326417422105779)	('>10', 3.2356056847392773)	('>50', 0.0)	('>100', 0.0)	('>500', 0.0)	('>1k', 0.0)	('>5k', 0.15972789820990238)	('>10k+', 0.0)
IDDLNTM82_R1	(1.0, 38.98684555565634)	(2.0, 18.942822881414678)	(3.0, 12.53306481920956)	(4.0, 8.814276738235268)	(5.0, 6.076680491955369)	(6.0, 4.1718149166629175)	(7.0, 3.035148954994642)	(8.0, 2.1410835900640715)	(9.0, 1.4291832609384845)	('>10', 3.851352119416153)	('>50', 0.003760989142107696)	('>100', 0.013965682310381427)	('>500', 0.0)	('>1k', 0.0)	('>5k', 0.0)	('>10k+', 0.0)
IDDLNTM82_R2	(1.0, 39.88488963989634)	(2.0, 18.049996342274973)	(3.0, 12.626118429031042)	(4.0, 8.564873063325955)	(5.0, 5.947387904443597)	(6.0, 4.287433942032828)	(7.0, 2.9150562711973005)	(8.0, 2.1186078418583603)	(9.0, 1.5117481164787587)	('>10', 3.922443401131289)	('>50', 0.0017816799260580503)	('>100', 0.0)	('>500', 0.0)	('>1k', 0.0)	('>5k', 0.16966336840346383)	('>10k+', 0.0)
IDDLNTM83_R1	(1.0, 34.746891665692395)	(2.0, 17.49215688540059)	(3.0, 12.314460604305676)	(4.0, 9.070700408079373)	(5.0, 6.59910940529658)	(6.0, 4.928435576697068)	(7.0, 3.5673324341298414)	(8.0, 2.732591345409807)	(9.0, 2.079094846251971)	('>10', 6.4471332233759036)	('>50', 0.005717113936212991)	('>100', 0.00303369223633371)	('>500', 0.013342799188275509)	('>1k', 0.0)	('>5k', 0.0)	('>10k+', 0.0)
IDDLNTM83_R2	(1.0, 37.24561713751139)	(2.0, 16.76358444280134)	(3.0, 11.717426893441418)	(4.0, 8.62326973706535)	(5.0, 6.235789810336236)	(6.0, 4.726097108221687)	(7.0, 3.488674352895329)	(8.0, 2.586018125893593)	(9.0, 2.0744937586281664)	('>10', 6.337803900136908)	('>50', 0.005200484022564828)	('>100', 0.0)	('>500', 0.0)	('>1k', 0.0)	('>5k', 0.19602424904601443)	('>10k+', 0.0)
IDDLNTM84_R1	(1.0, 39.546970324265814)	(2.0, 19.073314593625522)	(3.0, 12.893328727417805)	(4.0, 8.739027575970269)	(5.0, 6.011866845000844)	(6.0, 4.208863601578101)	(7.0, 2.8609177986773395)	(8.0, 1.9797017053095587)	(9.0, 1.4154987522411433)	('>10', 3.2493112433914804)	('>50', 0.0)	('>100', 0.006333426066883483)	('>500', 0.014865406455218699)	('>1k', 0.0)	('>5k', 0.0)	('>10k+', 0.0)
IDDLNTM84_R2	(1.0, 41.70000398010983)	(2.0, 18.11224654016584)	(3.0, 12.091094954971329)	(4.0, 8.47426497798532)	(5.0, 5.7932346683268525)	(6.0, 4.040531964132644)	(7.0, 2.7320321244519072)	(8.0, 1.9993961733043222)	(9.0, 1.4190221663552485)	('>10', 3.4784317964327642)	('>50', 0.002097577949498361)	('>100', 0.0)	('>500', 0.0)	('>1k', 0.0)	('>5k', 0.157643075814443)	('>10k+', 0.0)
IDDLNTM85_R1	(1.0, 36.13297393992067)	(2.0, 17.8811883154264)	(3.0, 12.608647924128721)	(4.0, 9.133691751530383)	(5.0, 6.5043437292687845)	(6.0, 4.778433452772782)	(7.0, 3.438671100768737)	(8.0, 2.493611827614131)	(9.0, 1.8107310721054128)	('>10', 5.197724553603477)	('>50', 0.003941114221146293)	('>100', 0.003088786799328445)	('>500', 0.012952431840060834)	('>1k', 0.0)	('>5k', 0.0)	('>10k+', 0.0)
IDDLNTM85_R2	(1.0, 37.89409334135977)	(2.0, 17.244397340379628)	(3.0, 11.908617164507248)	(4.0, 8.825872340889367)	(5.0, 6.225968707206977)	(6.0, 4.666713006182779)	(7.0, 3.4312446687553684)	(8.0, 2.503027485798522)	(9.0, 1.8168771871154277)	('>10', 5.321584426668336)	('>50', 0.003179158041867976)	('>100', 0.0)	('>500', 0.0)	('>1k', 0.0)	('>5k', 0.15842517309465054)	('>10k+', 0.0)
IDDLNTM86_R1	(1.0, 37.92057128557877)	(2.0, 18.058977066389097)	(3.0, 12.364136710466498)	(4.0, 8.60748088518389)	(5.0, 6.161268839136683)	(6.0, 4.426640407898768)	(7.0, 3.2130885627886503)	(8.0, 2.3518251966399575)	(9.0, 1.6961794404145742)	('>10', 5.178343360500368)	('>50', 0.005106280775475509)	('>100', 0.0024581532806322603)	('>500', 0.013923810946657152)	('>1k', 0.0)	('>5k', 0.0)	('>10k+', 0.0)
IDDLNTM86_R2	(1.0, 40.11681750358909)	(2.0, 16.99263701689864)	(3.0, 11.749501565047554)	(4.0, 8.309338567336253)	(5.0, 5.950322011145039)	(6.0, 4.373571542745702)	(7.0, 3.0501523785416778)	(8.0, 2.341923967694073)	(9.0, 1.6808454713717718)	('>10', 5.213853432386607)	('>50', 0.002351441259244232)	('>100', 0.0)	('>500', 0.0)	('>1k', 0.0)	('>5k', 0.0)	('>10k+', 0.21868510198432656)
IDDLNTM88_R1	(1.0, 31.746922517879376)	(2.0, 16.68257040047392)	(3.0, 12.143007687747179)	(4.0, 9.23651004033287)	(5.0, 6.700263502681613)	(6.0, 5.250971000345558)	(7.0, 4.03773906341428)	(8.0, 3.117459637710942)	(9.0, 2.292603314240841)	('>10', 8.368247635467656)	('>50', 0.303092241458498)	('>100', 0.10506399692653934)	('>500', 0.015548961320779016)	('>1k', 0.0)	('>5k', 0.0)	('>10k+', 0.0)
IDDLNTM88_R2	(1.0, 34.803144505776125)	(2.0, 15.66279939816179)	(3.0, 11.495707969217344)	(4.0, 8.632623029173441)	(5.0, 6.603007439503039)	(6.0, 4.9543661103720416)	(7.0, 3.758647719756537)	(8.0, 2.9793507484349706)	(9.0, 2.133940138564327)	('>10', 8.415646232603216)	('>50', 0.29048526044211226)	('>100', 0.10848870155951669)	('>500', 0.0)	('>1k', 0.0)	('>5k', 0.16179274643551694)	('>10k+', 0.0)
IDDLNTM89_R1	(1.0, 37.11456330168486)	(2.0, 18.059117293827256)	(3.0, 12.500435985776464)	(4.0, 8.796010439628708)	(5.0, 6.273878935043184)	(6.0, 4.6435832255137495)	(7.0, 3.3721284802868934)	(8.0, 2.4248567201888496)	(9.0, 1.7598709103581638)	('>10', 5.038234545877174)	('>50', 0.0019095827456229585)	('>100', 0.0029464109936029564)	('>500', 0.012464168075500593)	('>1k', 0.0)	('>5k', 0.0)	('>10k+', 0.0)
IDDLNTM89_R2	(1.0, 38.74759782366682)	(2.0, 17.19837546868256)	(3.0, 11.896427489285614)	(4.0, 8.57216302183789)	(5.0, 6.156725891396107)	(6.0, 4.527927371204028)	(7.0, 3.2531937888130953)	(8.0, 2.3619993069591754)	(9.0, 1.6953173692236363)	('>10', 5.401358294498011)	('>50', 0.0018426847028121633)	('>100', 0.0)	('>500', 0.0)	('>1k', 0.0)	('>5k', 0.18707148973026677)	('>10k+', 0.0)
IDDLNTM90_R1	(1.0, 39.58724234628333)	(2.0, 19.197632410030632)	(3.0, 12.739342275382937)	(4.0, 8.26261683151994)	(5.0, 5.81246795001008)	(6.0, 3.9679634923902687)	(7.0, 2.7299932004921694)	(8.0, 1.8819497550949165)	(9.0, 1.350675363174918)	('>10', 4.257330926438623)	('>50', 0.16169608978385402)	('>100', 0.03324133965799619)	('>500', 0.017848019740296258)	('>1k', 0.0)	('>5k', 0.0)	('>10k+', 0.0)
IDDLNTM90_R2	(1.0, 41.1828311011741)	(2.0, 18.323375812435433)	(3.0, 12.05799811996697)	(4.0, 8.087825117970432)	(5.0, 5.723117446808024)	(6.0, 3.899358758899407)	(7.0, 2.6891815391690983)	(8.0, 1.9100992838270652)	(9.0, 1.3755286119783066)	('>10', 4.425998948036777)	('>50', 0.1477518015084704)	('>100', 0.02311123998636667)	('>500', 0.0)	('>1k', 0.0)	('>5k', 0.15382221823953282)	('>10k+', 0.0)
IDDLNTM91_R1	(1.0, 36.61046003575829)	(2.0, 17.51751821683657)	(3.0, 12.336197496720832)	(4.0, 8.802376247761662)	(5.0, 6.387467122696605)	(6.0, 4.703247204309065)	(7.0, 3.3937731252909096)	(8.0, 2.468615574216683)	(9.0, 1.889620352667878)	('>10', 5.865867066341232)	('>50', 0.0052299881323086585)	('>100', 0.002985343706064618)	('>500', 0.016642225561875015)	('>1k', 0.0)	('>5k', 0.0)	('>10k+', 0.0)
IDDLNTM91_R2	(1.0, 39.08368747219515)	(2.0, 16.726019717924757)	(3.0, 11.645952360219988)	(4.0, 8.285097144551427)	(5.0, 6.193956564200804)	(6.0, 4.38046875246515)	(7.0, 3.34231660278825)	(8.0, 2.411592431234922)	(9.0, 1.8073639659914689)	('>10', 5.913943665300052)	('>50', 0.0034260678474255903)	('>100', 0.0)	('>500', 0.0)	('>1k', 0.0)	('>5k', 0.206175255280598)	('>10k+', 0.0)
IDDLNTM94_R1	(1.0, 36.514861643109285)	(2.0, 18.105593451978926)	(3.0, 12.376188696922654)	(4.0, 8.704781775930218)	(5.0, 6.069836164188311)	(6.0, 4.353994920693912)	(7.0, 3.177893082305877)	(8.0, 2.327267105092727)	(9.0, 1.7057263064679478)	('>10', 5.587523936644445)	('>50', 0.5398133292407505)	('>100', 0.5135197088369683)	('>500', 0.0)	('>1k', 0.022999878587986126)	('>5k', 0.0)	('>10k+', 0.0)
IDDLNTM94_R2	(1.0, 38.54222370920662)	(2.0, 17.16491409728647)	(3.0, 11.66112943662258)	(4.0, 8.481824061068739)	(5.0, 6.024582003464777)	(6.0, 4.175576542860646)	(7.0, 3.07652877568179)	(8.0, 2.1809694590044004)	(9.0, 1.6347199860736836)	('>10', 5.8238766549944)	('>50', 0.5475065813348643)	('>100', 0.5183031018555272)	('>500', 0.0)	('>1k', 0.0)	('>5k', 0.16784559054547132)	('>10k+', 0.0)
IDDLNTM96_R1	(1.0, 39.357958264123624)	(2.0, 18.978417546340687)	(3.0, 12.707720588309568)	(4.0, 8.474521786635835)	(5.0, 5.90260382922795)	(6.0, 4.191927312346837)	(7.0, 2.8738323179603604)	(8.0, 2.0308076578970953)	(9.0, 1.4399877051522225)	('>10', 4.023465519531106)	('>50', 0.005231876847488532)	('>100', 0.013525595627190702)	('>500', 0.0)	('>1k', 0.0)	('>5k', 0.0)	('>10k+', 0.0)
IDDLNTM96_R2	(1.0, 41.32277217832598)	(2.0, 18.103927193617807)	(3.0, 11.986177893764479)	(4.0, 8.262760502590204)	(5.0, 5.643976864817762)	(6.0, 4.033206836559815)	(7.0, 2.953264455503285)	(8.0, 1.9724055595726164)	(9.0, 1.4097509565698967)	('>10', 4.109658447603391)	('>50', 0.0034449686068789565)	('>100', 0.0)	('>500', 0.0)	('>1k', 0.0)	('>5k', 0.19865414246793048)	('>10k+', 0.0)
IDDLNTM97_R1	(1.0, 41.85993625728302)	(2.0, 14.081413332275257)	(3.0, 8.56286880566183)	(4.0, 6.015018338638893)	(5.0, 4.500916824425535)	(6.0, 3.445699136840464)	(7.0, 2.7467341404432637)	(8.0, 2.2954937638606814)	(9.0, 1.7729279070395842)	('>10', 12.96326647230874)	('>50', 1.0416035865376119)	('>100', 0.6815716794234211)	('>500', 0.0)	('>1k', 0.032549755261765026)	('>5k', 0.0)	('>10k+', 0.0)
IDDLNTM97_R2	(1.0, 43.88976453601601)	(2.0, 13.343996749732684)	(3.0, 8.33391046798964)	(4.0, 5.6032313032763605)	(5.0, 4.284091627484589)	(6.0, 3.336152876919254)	(7.0, 2.69903236121296)	(8.0, 2.0775920752888455)	(9.0, 1.684760467482468)	('>10', 12.744764256154204)	('>50', 1.093995397242505)	('>100', 0.7289881926983707)	('>500', 0.0)	('>1k', 0.0)	('>5k', 0.1797196885020977)	('>10k+', 0.0)
IDDLNTM99_R1	(1.0, 36.238234168682055)	(2.0, 18.418996330431607)	(3.0, 12.659490794144807)	(4.0, 9.105545560791697)	(5.0, 6.381833346082331)	(6.0, 4.574898691888133)	(7.0, 3.357226498441563)	(8.0, 2.407879599880243)	(9.0, 1.8110361949915037)	('>10', 5.01399486039069)	('>50', 0.0018810180778436908)	('>100', 0.008269170984512537)	('>500', 0.020713765212969453)	('>1k', 0.0)	('>5k', 0.0)	('>10k+', 0.0)
IDDLNTM99_R2	(1.0, 37.9572289677181)	(2.0, 17.39065888949219)	(3.0, 12.078112496531473)	(4.0, 8.568304550926777)	(5.0, 6.337504771420297)	(6.0, 4.597730532563012)	(7.0, 3.334331719448283)	(8.0, 2.431488047282624)	(9.0, 1.8177642203365478)	('>10', 5.312196904964329)	('>50', 0.0)	('>100', 0.0)	('>500', 0.0)	('>1k', 0.0)	('>5k', 0.1746788993163607)	('>10k+', 0.0)
