.	Basic Statistics	Per Base Sequence Quality	Per Tile Sequence Quality	Per Sequence Quality Scores	Per Base Sequence Content	Per Sequence GC Content	Per Base N Content	Sequence Length Distribution	Sequence Duplication Levels	Overrepresented Sequences	Adapter Content
IDDLNTM10.A_R1	1	1	0.25	1	0.25	1	1	1	0.5	1	0.25
IDDLNTM10.A_R2	1	1	0.25	1	0.25	0.5	1	1	0.5	0.5	0.25
IDDLNTM10.B_R1	1	1	0.25	1	0.25	1	1	1	0.5	1	0.25
IDDLNTM10.B_R2	1	1	0.25	1	0.25	1	1	1	0.5	0.5	0.25
IDDLNTM100_R1	1	1	0.25	1	0.25	1	1	1	0.5	1	0.25
IDDLNTM100_R2	1	1	0.25	1	0.25	1	1	1	0.5	0.5	0.25
IDDLNTM101_R1	1	1	0.25	1	0.25	1	1	1	0.5	1	0.25
IDDLNTM101_R2	1	1	0.25	1	0.25	1	1	1	0.5	0.5	0.25
IDDLNTM102_R1	1	1	0.25	1	0.25	1	1	1	0.5	1	0.25
IDDLNTM102_R2	1	1	0.25	1	0.25	1	1	1	0.5	0.5	0.25
IDDLNTM105_R1	1	1	0.25	1	0.25	1	1	1	0.5	1	0.25
IDDLNTM105_R2	1	1	0.25	1	0.25	1	1	1	0.5	0.5	0.25
IDDLNTM107_R1	1	1	0.25	1	0.25	1	1	1	0.5	1	0.25
IDDLNTM107_R2	1	1	0.25	1	0.25	1	1	1	0.5	0.5	0.25
IDDLNTM108.A_R1	1	1	0.25	1	0.25	1	1	1	0.5	1	0.25
IDDLNTM108.A_R2	1	1	0.25	1	0.25	1	1	1	0.5	0.5	0.25
IDDLNTM108.B_R1	1	1	0.25	1	0.25	1	1	1	0.5	1	0.25
IDDLNTM108.B_R2	1	1	0.25	1	0.25	1	1	1	0.5	0.5	0.25
IDDLNTM109_R1	1	1	0.25	1	0.25	1	1	1	0.5	1	0.25
IDDLNTM109_R2	1	1	0.25	1	0.25	1	1	1	0.5	0.5	0.25
IDDLNTM111_R1	1	1	0.25	1	0.25	1	1	1	0.5	1	0.25
IDDLNTM111_R2	1	1	0.25	1	0.25	1	1	1	0.5	0.5	0.25
IDDLNTM112_R1	1	1	0.25	1	0.25	1	1	1	0.5	1	0.25
IDDLNTM112_R2	1	1	0.25	1	0.25	1	1	1	0.5	0.5	0.25
IDDLNTM113_R1	1	1	0.25	1	0.25	1	1	1	0.5	1	0.25
IDDLNTM113_R2	1	1	0.25	1	0.25	1	1	1	1	0.5	0.25
IDDLNTM116_R1	1	1	0.25	1	0.25	1	1	1	0.5	1	0.25
IDDLNTM116_R2	1	1	0.25	1	0.25	1	1	1	0.5	0.5	0.25
IDDLNTM117_R1	1	1	0.25	1	0.25	1	1	1	1	1	0.25
IDDLNTM117_R2	1	1	0.25	1	0.25	1	1	1	1	0.5	0.25
IDDLNTM12.A_R1	1	1	0.25	1	0.25	1	1	1	0.5	1	0.25
IDDLNTM12.A_R2	1	1	0.25	1	0.25	1	1	1	0.5	0.5	0.25
IDDLNTM12.B_R1	1	1	0.25	1	0.25	1	1	1	0.5	1	0.25
IDDLNTM12.B_R2	1	1	0.25	1	0.25	1	1	1	0.5	0.5	0.25
IDDLNTM120_R1	1	1	0.25	1	0.25	1	1	1	0.25	1	0.25
IDDLNTM120_R2	1	1	0.25	1	0.25	1	1	1	0.25	0.5	0.25
IDDLNTM121_R1	1	1	0.25	1	0.25	1	1	1	0.25	1	0.25
IDDLNTM121_R2	1	1	0.25	1	0.25	1	1	1	0.25	0.5	0.25
IDDLNTM124_R1	1	1	0.25	1	0.25	1	1	1	0.5	1	0.25
IDDLNTM124_R2	1	1	0.25	1	0.25	1	1	1	0.5	0.5	0.25
IDDLNTM126_R1	1	1	0.25	1	0.25	1	1	1	0.5	1	0.25
IDDLNTM126_R2	1	1	0.25	1	0.25	1	1	1	0.5	0.5	0.25
IDDLNTM127_R1	1	1	0.25	1	0.25	1	1	1	0.5	1	0.25
IDDLNTM127_R2	1	1	0.25	1	0.25	1	1	1	0.5	0.5	0.25
IDDLNTM128_R1	1	1	0.25	1	0.25	1	1	1	0.5	1	0.25
IDDLNTM128_R2	1	1	0.25	1	0.25	1	1	1	0.5	0.5	0.25
IDDLNTM129_R1	1	1	0.25	1	0.25	1	1	1	0.5	1	0.25
IDDLNTM129_R2	1	1	0.25	1	0.25	1	1	1	0.5	0.5	0.25
IDDLNTM13.A_R1	1	1	0.25	1	0.25	1	1	1	0.5	1	0.25
IDDLNTM13.A_R2	1	1	0.25	1	0.25	1	1	1	0.5	1	0.25
IDDLNTM13.B_R1	1	1	0.25	1	0.25	1	1	1	0.5	1	0.25
IDDLNTM13.B_R2	1	1	0.25	1	0.25	0.5	1	1	0.5	1	0.25
IDDLNTM131_R1	1	1	0.25	1	0.25	1	1	1	0.5	1	0.25
IDDLNTM131_R2	1	1	0.25	1	0.25	1	1	1	0.5	0.5	0.25
IDDLNTM132_R1	1	1	0.25	1	0.25	1	1	1	0.5	1	0.25
IDDLNTM132_R2	1	1	0.25	1	0.25	1	1	1	0.5	0.5	0.25
IDDLNTM135_R1	1	1	0.25	1	0.25	1	1	1	0.5	1	0.25
IDDLNTM135_R2	1	1	0.25	1	0.25	1	1	1	0.5	0.5	0.25
IDDLNTM136_R1	1	1	0.25	1	0.25	1	1	1	0.5	1	0.25
IDDLNTM136_R2	1	1	0.25	1	0.25	1	1	1	0.5	0.5	0.25
IDDLNTM137_R1	1	1	0.25	1	0.25	1	1	1	0.5	1	0.25
IDDLNTM137_R2	1	1	0.25	1	0.25	1	1	1	0.5	0.5	0.25
IDDLNTM139_R1	1	1	0.25	1	0.25	1	1	1	0.5	1	0.25
IDDLNTM139_R2	1	1	0.25	1	0.25	1	1	1	0.5	0.5	0.25
IDDLNTM14.A_R1	1	1	0.25	1	0.25	1	1	1	0.5	1	0.25
IDDLNTM14.A_R2	1	1	0.25	1	0.25	1	1	1	0.5	0.5	0.25
IDDLNTM14.B_R1	1	1	0.25	1	0.25	1	1	1	0.5	1	0.25
IDDLNTM14.B_R2	1	1	0.25	1	0.25	1	1	1	0.5	0.5	0.25
IDDLNTM140_R1	1	1	0.25	1	0.25	1	1	1	0.5	1	0.25
IDDLNTM140_R2	1	1	0.25	1	0.25	1	1	1	0.5	0.5	0.25
IDDLNTM141_R1	1	1	0.25	1	0.25	1	1	1	0.5	1	0.25
IDDLNTM141_R2	1	1	0.25	1	0.25	1	1	1	0.5	0.5	0.25
IDDLNTM143_R1	1	1	0.25	1	0.25	1	1	1	0.5	1	0.25
IDDLNTM143_R2	1	1	0.25	1	0.25	0.5	1	1	0.5	0.5	0.25
IDDLNTM144_R1	1	1	0.25	1	0.25	1	1	1	0.5	1	0.25
IDDLNTM144_R2	1	1	0.25	1	0.25	1	1	1	0.5	0.5	0.25
IDDLNTM145_R1	1	1	0.25	1	0.25	1	1	1	0.5	1	0.25
IDDLNTM145_R2	1	1	0.25	1	0.25	1	1	1	0.5	0.5	0.25
IDDLNTM146_R1	1	1	0.25	1	0.25	1	1	1	0.5	1	0.25
IDDLNTM146_R2	1	1	0.25	1	0.25	1	1	1	0.5	0.5	0.25
IDDLNTM147_R1	1	1	0.25	1	0.25	1	1	1	0.5	1	0.25
IDDLNTM147_R2	1	1	0.25	1	0.25	1	1	1	0.5	0.5	0.25
IDDLNTM148_R1	1	1	0.25	1	0.25	1	1	1	0.5	1	0.25
IDDLNTM148_R2	1	1	0.25	1	0.25	1	1	1	0.5	0.5	0.25
IDDLNTM149_R1	1	1	0.25	1	0.25	1	1	1	0.5	1	0.25
IDDLNTM149_R2	1	1	0.25	1	0.25	0.5	1	1	0.5	0.5	0.25
IDDLNTM15.A_R1	1	1	0.25	1	0.25	1	1	1	0.5	1	0.25
IDDLNTM15.A_R2	1	1	0.25	1	0.25	1	1	1	0.5	0.5	0.25
IDDLNTM15.B_R1	1	1	0.25	1	0.25	1	1	1	0.5	1	0.25
IDDLNTM15.B_R2	1	1	0.25	1	0.25	1	1	1	0.5	0.5	0.25
IDDLNTM152_R1	1	1	0.25	1	0.25	1	1	1	0.5	1	0.25
IDDLNTM152_R2	1	1	0.25	1	0.25	1	1	1	0.5	0.5	0.25
IDDLNTM18.A_R1	1	1	0.25	1	0.25	1	1	1	0.5	1	0.25
IDDLNTM18.A_R2	1	1	0.25	1	0.25	1	1	1	0.5	0.5	0.25
IDDLNTM18.B_R1	1	1	0.25	1	0.25	1	1	1	0.5	1	0.25
IDDLNTM18.B_R2	1	1	0.25	1	0.25	0.5	1	1	0.5	1	0.25
IDDLNTM19.A_R1	1	1	0.25	1	0.25	1	1	1	0.5	1	0.25
IDDLNTM19.A_R2	1	1	0.25	1	0.25	1	1	1	0.5	0.5	0.25
IDDLNTM19.B_R1	1	1	0.25	1	0.25	1	1	1	0.5	1	0.25
IDDLNTM19.B_R2	1	1	0.25	1	0.25	0.5	1	1	0.5	0.5	0.25
IDDLNTM19.C_R1	1	1	0.25	1	0.25	1	1	1	0.5	1	0.25
IDDLNTM19.C_R2	1	1	0.25	1	0.25	1	1	1	0.5	0.5	0.25
IDDLNTM1_R1	1	1	0.25	1	0.25	1	1	1	0.5	1	0.25
IDDLNTM1_R2	1	1	0.25	1	0.25	0.5	1	1	0.5	1	0.25
IDDLNTM2.A_R1	1	1	0.25	1	0.25	1	1	1	1	1	0.25
IDDLNTM2.A_R2	1	1	0.25	1	0.25	1	1	1	1	0.5	0.25
IDDLNTM2.B_R1	1	1	0.25	1	0.25	1	1	1	0.5	1	0.25
IDDLNTM2.B_R2	1	1	0.25	1	0.25	1	1	1	0.5	1	0.25
IDDLNTM2.C_R1	1	1	0.25	1	0.25	1	1	1	0.5	1	0.25
IDDLNTM2.C_R2	1	1	0.25	1	0.25	0.5	1	1	0.5	0.5	0.25
IDDLNTM20_R1	1	1	0.25	1	0.25	1	1	1	0.5	1	0.25
IDDLNTM20_R2	1	1	0.25	1	0.25	1	1	1	0.5	0.5	0.25
IDDLNTM21.A_R1	1	1	0.25	1	0.25	1	1	1	0.5	1	0.25
IDDLNTM21.A_R2	1	1	0.25	1	0.25	1	1	1	0.5	0.5	0.25
IDDLNTM21.B_R1	1	1	0.25	1	0.25	1	1	1	0.5	1	0.25
IDDLNTM21.B_R2	1	1	0.25	1	0.25	1	1	1	0.5	0.5	0.25
IDDLNTM22.A_R1	1	1	0.25	1	0.25	1	1	1	0.5	1	0.25
IDDLNTM22.A_R2	1	1	0.25	1	0.25	0.5	1	1	0.5	0.5	0.25
IDDLNTM22.B_R1	1	1	0.25	1	0.25	1	1	1	0.5	1	0.25
IDDLNTM22.B_R2	1	1	0.25	1	0.25	0.5	1	1	0.5	0.5	0.25
IDDLNTM32_R1	1	1	0.25	1	0.25	1	1	1	0.5	1	0.25
IDDLNTM32_R2	1	1	0.25	1	0.25	1	1	1	0.5	0.5	0.25
IDDLNTM33.A_R1	1	1	0.25	1	0.25	1	1	1	0.5	1	0.25
IDDLNTM33.A_R2	1	1	0.25	1	0.25	1	1	1	0.5	0.5	0.25
IDDLNTM33.B_R1	1	1	0.25	1	0.25	1	1	1	0.5	1	0.25
IDDLNTM33.B_R2	1	1	0.25	1	0.25	1	1	1	0.5	0.5	0.25
IDDLNTM33.C_R1	1	1	0.25	1	0.25	1	1	1	0.5	1	0.25
IDDLNTM33.C_R2	1	1	0.25	1	0.25	1	1	1	0.5	0.5	0.25
IDDLNTM35_R1	1	1	0.25	1	0.25	1	1	1	0.5	1	0.25
IDDLNTM35_R2	1	1	0.25	1	0.25	1	1	1	0.5	0.5	0.25
IDDLNTM37_R1	1	1	0.25	1	0.25	1	1	1	0.5	1	0.25
IDDLNTM37_R2	1	1	0.25	1	0.25	1	1	1	0.5	0.5	0.25
IDDLNTM38_R1	1	1	0.25	1	0.25	1	1	1	0.5	1	0.25
IDDLNTM38_R2	1	1	0.25	1	0.25	1	1	1	0.5	0.5	0.25
IDDLNTM39_R1	1	1	0.25	1	0.25	1	1	1	0.5	1	0.25
IDDLNTM39_R2	1	1	0.25	1	0.25	1	1	1	0.5	1	0.25
IDDLNTM4.A_R1	1	1	0.25	1	0.25	1	1	1	0.5	1	0.25
IDDLNTM4.A_R2	1	1	0.25	1	0.25	0.5	1	1	0.5	1	0.25
IDDLNTM4.B_R1	1	1	0.25	1	0.25	1	1	1	1	1	0.25
IDDLNTM4.B_R2	1	1	0.25	1	0.25	1	1	1	1	1	0.25
IDDLNTM4.C_R1	1	1	0.25	1	0.25	1	1	1	0.5	1	0.25
IDDLNTM4.C_R2	1	1	0.25	1	0.25	1	1	1	0.5	0.5	0.25
IDDLNTM40_R1	1	1	0.25	1	0.25	1	1	1	0.5	1	0.25
IDDLNTM40_R2	1	1	0.25	1	0.25	1	1	1	0.5	0.5	0.25
IDDLNTM41.A_R1	1	1	0.25	1	0.25	1	1	1	0.5	1	0.25
IDDLNTM41.A_R2	1	1	0.25	1	0.25	1	1	1	0.5	0.5	0.25
IDDLNTM41.B_R1	1	1	0.25	1	0.25	1	1	1	0.5	1	0.25
IDDLNTM41.B_R2	1	1	0.25	1	0.25	0.5	1	1	0.5	0.5	0.25
IDDLNTM41.C_R1	1	1	0.25	1	0.25	1	1	1	0.5	1	0.25
IDDLNTM41.C_R2	1	1	0.25	1	0.25	1	1	1	0.5	0.5	0.25
IDDLNTM42_R1	1	1	0.25	1	0.25	1	1	1	0.5	1	0.25
IDDLNTM42_R2	1	1	0.25	1	0.25	1	1	1	0.5	0.5	0.25
IDDLNTM43_R1	1	1	0.25	1	0.25	1	1	1	0.5	1	0.25
IDDLNTM43_R2	1	1	0.25	1	0.25	1	1	1	0.5	0.5	0.25
IDDLNTM44_R1	1	1	0.25	1	0.25	1	1	1	0.5	1	0.25
IDDLNTM44_R2	1	1	0.25	1	0.25	1	1	1	0.5	0.5	0.25
IDDLNTM45_R1	1	1	0.25	1	0.25	1	1	1	0.5	1	0.25
IDDLNTM45_R2	1	1	0.25	1	0.25	1	1	1	0.5	0.5	0.25
IDDLNTM46.A_R1	1	1	0.25	1	0.25	1	1	1	0.5	1	0.25
IDDLNTM46.A_R2	1	1	0.25	1	0.25	1	1	1	0.5	0.5	0.25
IDDLNTM46.B_R1	1	1	0.25	1	0.25	1	1	1	0.5	1	0.25
IDDLNTM46.B_R2	1	1	0.25	1	0.25	1	1	1	0.5	0.5	0.25
IDDLNTM48_R1	1	1	0.25	1	0.25	1	1	1	0.5	1	0.25
IDDLNTM48_R2	1	1	0.25	1	0.25	1	1	1	0.5	0.5	0.25
IDDLNTM49_R1	1	1	0.25	1	0.25	1	1	1	0.5	1	0.25
IDDLNTM49_R2	1	1	0.25	1	0.25	1	1	1	0.5	0.5	0.25
IDDLNTM50_R1	1	1	0.25	1	0.25	1	1	1	0.5	1	0.25
IDDLNTM50_R2	1	1	0.25	1	0.25	1	1	1	0.5	0.5	0.25
IDDLNTM52_R1	1	1	0.25	1	0.25	1	1	1	0.5	1	0.25
IDDLNTM52_R2	1	1	0.25	1	0.25	1	1	1	0.5	0.5	0.25
IDDLNTM55.A_R1	1	1	0.25	1	0.25	1	1	1	0.5	1	0.25
IDDLNTM55.A_R2	1	1	0.25	1	0.25	1	1	1	0.5	0.5	0.25
IDDLNTM55.B_R1	1	1	0.25	1	0.25	1	1	1	0.5	1	0.25
IDDLNTM55.B_R2	1	1	0.25	1	0.25	0.5	1	1	0.5	0.5	0.25
IDDLNTM56_R1	1	1	0.25	1	0.25	1	1	1	0.5	1	0.25
IDDLNTM56_R2	1	1	0.25	1	0.25	1	1	1	0.5	0.5	0.25
IDDLNTM58_R1	1	1	0.25	1	0.25	1	1	1	0.5	1	0.25
IDDLNTM58_R2	1	1	0.25	1	0.25	0.5	1	1	0.5	0.5	0.25
IDDLNTM59_R1	1	1	0.25	1	0.25	1	1	1	0.5	1	0.25
IDDLNTM59_R2	1	1	0.25	1	0.25	1	1	1	0.5	1	0.25
IDDLNTM5_R1	1	1	0.25	1	0.25	1	1	1	0.5	1	0.25
IDDLNTM5_R2	1	1	0.25	1	0.25	1	1	1	0.5	0.5	0.25
IDDLNTM6.A_R1	1	1	0.25	1	0.25	1	1	1	0.5	1	0.25
IDDLNTM6.A_R2	1	1	0.25	1	0.25	0.5	1	1	0.5	0.5	0.25
IDDLNTM6.B_R1	1	1	0.25	1	0.25	1	1	1	0.5	1	0.25
IDDLNTM6.B_R2	1	1	0.25	1	0.25	1	1	1	0.5	0.5	0.25
IDDLNTM60_R1	1	1	0.25	1	0.25	1	1	1	0.5	1	0.25
IDDLNTM60_R2	1	1	0.25	1	0.25	1	1	1	0.5	0.5	0.25
IDDLNTM61_R1	1	1	0.25	1	0.25	1	1	1	0.5	1	0.25
IDDLNTM61_R2	1	1	0.25	1	0.25	1	1	1	0.5	0.5	0.25
IDDLNTM63_R1	1	1	0.25	1	0.25	1	1	1	0.5	1	0.25
IDDLNTM63_R2	1	1	0.25	1	0.25	0.5	1	1	0.5	0.5	0.25
IDDLNTM64_R1	1	1	0.25	1	0.25	1	1	1	0.5	1	0.25
IDDLNTM64_R2	1	1	0.25	1	0.25	1	1	1	0.5	0.5	0.25
IDDLNTM67_R1	1	1	0.25	1	0.25	1	1	1	0.5	1	0.25
IDDLNTM67_R2	1	1	0.25	1	0.25	1	1	1	0.5	0.5	0.25
IDDLNTM68_R1	1	1	0.25	1	0.25	1	1	1	0.5	1	0.25
IDDLNTM68_R2	1	1	0.25	1	0.25	1	1	1	0.5	0.5	0.25
IDDLNTM7.A_R1	1	1	0.25	1	0.25	1	1	1	0.5	1	0.25
IDDLNTM7.A_R2	1	1	0.25	1	0.25	1	1	1	0.5	0.5	0.25
IDDLNTM7.B_R1	1	1	0.25	1	0.25	1	1	1	0.5	1	0.25
IDDLNTM7.B_R2	1	1	0.25	1	0.25	0.5	1	1	0.5	0.5	0.25
IDDLNTM7.C_R1	1	1	0.25	1	0.25	1	1	1	0.5	1	0.25
IDDLNTM7.C_R2	1	1	0.25	1	0.25	1	1	1	0.5	0.5	0.25
IDDLNTM70_R1	1	1	0.25	1	0.25	1	1	1	0.5	1	0.25
IDDLNTM70_R2	1	1	0.25	1	0.25	1	1	1	0.5	0.5	0.25
IDDLNTM71_R1	1	1	0.25	1	0.25	1	1	1	0.5	1	0.25
IDDLNTM71_R2	1	1	0.25	1	0.25	1	1	1	0.5	0.5	0.25
IDDLNTM72_R1	1	1	0.25	1	0.25	1	1	1	1	1	0.25
IDDLNTM72_R2	1	1	0.25	1	0.25	1	1	1	1	0.5	0.25
IDDLNTM73_R1	1	1	0.25	1	0.25	1	1	1	0.5	1	0.25
IDDLNTM73_R2	1	1	0.25	1	0.25	1	1	1	0.5	0.5	0.25
IDDLNTM74_R1	1	1	0.25	1	0.25	1	1	1	0.5	1	0.25
IDDLNTM74_R2	1	1	0.25	1	0.25	1	1	1	0.5	0.5	0.25
IDDLNTM75_R1	1	1	0.25	1	0.25	1	1	1	0.5	1	0.25
IDDLNTM75_R2	1	1	0.25	1	0.25	1	1	1	0.5	0.5	0.25
IDDLNTM76_R1	1	1	0.25	1	0.25	1	1	1	0.5	1	0.25
IDDLNTM76_R2	1	1	0.25	1	0.25	1	1	1	0.5	0.5	0.25
IDDLNTM77_R1	1	1	0.25	1	0.25	1	1	1	1	1	0.25
IDDLNTM77_R2	1	1	0.25	1	0.25	0.5	1	1	1	0.5	0.25
IDDLNTM78_R1	1	1	0.25	1	0.25	1	1	1	0.5	1	0.25
IDDLNTM78_R2	1	1	0.25	1	0.25	1	1	1	0.5	0.5	0.25
IDDLNTM79_R1	1	1	0.25	1	0.25	1	1	1	0.5	1	0.25
IDDLNTM79_R2	1	1	0.25	1	0.25	1	1	1	0.5	0.5	0.25
IDDLNTM81_R1	1	1	0.25	1	0.25	1	1	1	0.5	1	0.25
IDDLNTM81_R2	1	1	0.25	1	0.25	1	1	1	0.5	0.5	0.25
IDDLNTM82_R1	1	1	0.25	1	0.25	1	1	1	0.5	1	0.25
IDDLNTM82_R2	1	1	0.25	1	0.25	1	1	1	0.5	0.5	0.25
IDDLNTM83_R1	1	1	0.25	1	0.25	1	1	1	0.5	1	0.25
IDDLNTM83_R2	1	1	0.25	1	0.25	1	1	1	0.5	0.5	0.25
IDDLNTM84_R1	1	1	0.25	1	0.25	1	1	1	0.5	1	0.25
IDDLNTM84_R2	1	1	0.25	1	0.25	1	1	1	0.5	0.5	0.25
IDDLNTM85_R1	1	1	0.25	1	0.25	1	1	1	0.5	1	0.25
IDDLNTM85_R2	1	1	0.25	1	0.25	1	1	1	0.5	0.5	0.25
IDDLNTM86_R1	1	1	0.25	1	0.25	1	1	1	0.5	1	0.25
IDDLNTM86_R2	1	1	0.25	1	0.25	1	1	1	0.5	0.5	0.25
IDDLNTM88_R1	1	1	0.25	1	0.25	1	1	1	0.5	1	0.25
IDDLNTM88_R2	1	1	0.25	1	0.25	1	1	1	0.5	0.5	0.25
IDDLNTM89_R1	1	1	0.25	1	0.25	1	1	1	0.5	1	0.25
IDDLNTM89_R2	1	1	0.25	1	0.25	1	1	1	0.5	0.5	0.25
IDDLNTM90_R1	1	1	0.25	1	0.25	1	1	1	0.5	1	0.25
IDDLNTM90_R2	1	1	0.25	1	0.25	1	1	1	0.5	0.5	0.25
IDDLNTM91_R1	1	1	0.25	1	0.25	1	1	1	0.5	1	0.25
IDDLNTM91_R2	1	1	0.25	1	0.25	1	1	1	0.5	0.5	0.25
IDDLNTM94_R1	1	1	0.25	1	0.25	1	1	1	0.5	1	0.25
IDDLNTM94_R2	1	1	0.25	1	0.25	1	1	1	0.5	0.5	0.25
IDDLNTM96_R1	1	1	0.25	1	0.25	1	1	1	0.5	1	0.25
IDDLNTM96_R2	1	1	0.25	1	0.25	1	1	1	0.5	0.5	0.25
IDDLNTM97_R1	1	1	0.25	1	0.25	0.5	1	1	0.5	1	0.25
IDDLNTM97_R2	1	1	0.25	1	0.25	1	1	1	0.5	0.5	0.25
IDDLNTM99_R1	1	1	0.25	1	0.25	1	1	1	0.5	1	0.25
IDDLNTM99_R2	1	1	0.25	1	0.25	1	1	1	0.5	0.5	0.25
