Sample	fastqc-percent_duplicates	fastqc-percent_gc	fastqc-avg_sequence_length	fastqc-median_sequence_length	fastqc-percent_fails	fastqc-total_sequences
IDDLNTM10.A_R1	46.30046259300491	67.0	151.0	151	27.27272727272727	5.571503
IDDLNTM10.A_R2	44.449583549054154	65.0	151.0	151	27.27272727272727	5.571503
IDDLNTM10.B_R1	42.513474327792366	68.0	151.0	151	27.27272727272727	4.597575
IDDLNTM10.B_R2	41.290780944892134	65.0	151.0	151	27.27272727272727	4.597575
IDDLNTM100_R1	44.69665525224736	67.0	151.0	151	27.27272727272727	4.823970999999999
IDDLNTM100_R2	43.27163616013816	65.0	151.0	151	27.27272727272727	4.823970999999999
IDDLNTM101_R1	43.978316433678025	64.0	151.0	151	27.27272727272727	4.895714
IDDLNTM101_R2	42.293788284031585	62.0	151.0	151	27.27272727272727	4.895714
IDDLNTM102_R1	32.26848058522968	66.0	151.0	151	27.27272727272727	2.737311
IDDLNTM102_R2	31.66727521838051	65.0	151.0	151	27.27272727272727	2.737311
IDDLNTM105_R1	39.32872062403416	63.0	151.0	151	27.27272727272727	3.919825
IDDLNTM105_R2	38.86804606889296	61.0	151.0	151	27.27272727272727	3.919825
IDDLNTM107_R1	45.74656656563915	67.0	151.0	151	27.27272727272727	5.115308
IDDLNTM107_R2	44.25131412459974	66.0	151.0	151	27.27272727272727	5.115308
IDDLNTM108.A_R1	44.12402124456805	64.0	151.0	151	27.27272727272727	5.072317
IDDLNTM108.A_R2	45.3419849216933	62.0	151.0	151	27.27272727272727	5.072317
IDDLNTM108.B_R1	39.49570231377145	64.0	151.0	151	27.27272727272727	4.050148
IDDLNTM108.B_R2	39.2246840618855	62.0	151.0	151	27.27272727272727	4.050148
IDDLNTM109_R1	41.127593778396744	67.0	151.0	151	27.27272727272727	3.9575419999999997
IDDLNTM109_R2	40.229099625496175	65.0	151.0	151	27.27272727272727	3.9575419999999997
IDDLNTM111_R1	37.69321635901676	66.0	151.0	151	27.27272727272727	5.175689
IDDLNTM111_R2	36.77442935660734	64.0	151.0	151	27.27272727272727	5.175689
IDDLNTM112_R1	44.74521427960628	67.0	151.0	151	27.27272727272727	4.954974
IDDLNTM112_R2	43.70044057523044	66.0	151.0	151	27.27272727272727	4.954974
IDDLNTM113_R1	31.1295468073249	67.0	151.0	151	27.27272727272727	2.180364
IDDLNTM113_R2	29.868419584227937	66.0	151.0	151	27.27272727272727	2.180364
IDDLNTM116_R1	38.46557050189622	66.0	151.0	151	27.27272727272727	4.264108
IDDLNTM116_R2	37.51600537215282	65.0	151.0	151	27.27272727272727	4.264108
IDDLNTM117_R1	29.66916576991086	67.0	151.0	151	27.27272727272727	3.854993
IDDLNTM117_R2	29.366785966678805	64.0	151.0	151	27.27272727272727	3.854993
IDDLNTM12.A_R1	43.59345585642765	65.0	151.0	151	27.27272727272727	5.003775999999999
IDDLNTM12.A_R2	42.50110652446868	62.0	151.0	151	27.27272727272727	5.003775999999999
IDDLNTM12.B_R1	41.40163718618696	63.0	151.0	151	27.27272727272727	4.60896
IDDLNTM12.B_R2	40.15418788425889	62.0	151.0	151	27.27272727272727	4.60896
IDDLNTM120_R1	55.71967385164873	67.0	151.0	151	36.36363636363637	10.194092999999999
IDDLNTM120_R2	54.2050696061818	66.0	151.0	151	36.36363636363637	10.194092999999999
IDDLNTM121_R1	55.58404187112633	67.0	151.0	151	36.36363636363637	7.612258
IDDLNTM121_R2	52.941969852226926	66.0	151.0	151	36.36363636363637	7.612258
IDDLNTM124_R1	43.5832996329103	67.0	151.0	151	27.27272727272727	6.296118
IDDLNTM124_R2	41.757313864115	65.0	151.0	151	27.27272727272727	6.296118
IDDLNTM126_R1	31.97386825436071	63.0	151.0	151	27.27272727272727	3.3724439999999998
IDDLNTM126_R2	32.47528313984054	62.0	151.0	151	27.27272727272727	3.3724439999999998
IDDLNTM127_R1	39.53380448995398	64.0	151.0	151	27.27272727272727	4.537402
IDDLNTM127_R2	38.72665435533924	62.0	151.0	151	27.27272727272727	4.537402
IDDLNTM128_R1	42.76018845195748	64.0	151.0	151	27.27272727272727	4.472242
IDDLNTM128_R2	41.3197685886382	62.0	151.0	151	27.27272727272727	4.472242
IDDLNTM129_R1	46.2853875231841	63.0	151.0	151	27.27272727272727	4.913442
IDDLNTM129_R2	44.18835061675499	62.0	151.0	151	27.27272727272727	4.913442
IDDLNTM13.A_R1	42.495038792548065	67.0	151.0	151	27.27272727272727	4.307929
IDDLNTM13.A_R2	41.19944310790934	65.0	151.0	151	27.27272727272727	4.307929
IDDLNTM13.B_R1	42.05873912798436	67.0	151.0	151	27.27272727272727	4.158355
IDDLNTM13.B_R2	41.03057542169971	65.0	151.0	151	27.27272727272727	4.158355
IDDLNTM131_R1	46.17439701948369	63.0	151.0	151	27.27272727272727	4.9150979999999995
IDDLNTM131_R2	44.93412791320518	62.0	151.0	151	27.27272727272727	4.9150979999999995
IDDLNTM132_R1	47.1173760797341	64.0	151.0	151	27.27272727272727	5.513738
IDDLNTM132_R2	44.32721608235077	62.0	151.0	151	27.27272727272727	5.513738
IDDLNTM135_R1	44.08682712535522	64.0	151.0	151	27.27272727272727	4.613866
IDDLNTM135_R2	43.31914742170585	62.0	151.0	151	27.27272727272727	4.613866
IDDLNTM136_R1	42.372974884037276	63.0	151.0	151	27.27272727272727	4.09673
IDDLNTM136_R2	41.8227543106098	62.0	151.0	151	27.27272727272727	4.09673
IDDLNTM137_R1	49.267121724676386	68.0	151.0	151	27.27272727272727	5.649134
IDDLNTM137_R2	46.916919549087076	66.0	151.0	151	27.27272727272727	5.649134
IDDLNTM139_R1	37.0066767161338	67.0	151.0	151	27.27272727272727	3.200831
IDDLNTM139_R2	36.05018058574934	66.0	151.0	151	27.27272727272727	3.200831
IDDLNTM14.A_R1	40.39199726886511	67.0	151.0	151	27.27272727272727	4.106344
IDDLNTM14.A_R2	39.02360906434667	66.0	151.0	151	27.27272727272727	4.106344
IDDLNTM14.B_R1	46.58140516457343	68.0	151.0	151	27.27272727272727	5.474157
IDDLNTM14.B_R2	45.01489773978531	65.0	151.0	151	27.27272727272727	5.474157
IDDLNTM140_R1	41.265262031792204	63.0	151.0	151	27.27272727272727	3.9314799999999996
IDDLNTM140_R2	40.115503620588825	62.0	151.0	151	27.27272727272727	3.9314799999999996
IDDLNTM141_R1	46.13723890497058	67.0	151.0	151	27.27272727272727	4.927981
IDDLNTM141_R2	44.812805915046404	66.0	151.0	151	27.27272727272727	4.927981
IDDLNTM143_R1	48.64520332069908	68.0	151.0	151	27.27272727272727	5.551343
IDDLNTM143_R2	47.776646933024615	66.0	151.0	151	27.27272727272727	5.551343
IDDLNTM144_R1	46.746605366292584	67.0	151.0	151	27.27272727272727	5.129312
IDDLNTM144_R2	45.869731302035255	65.0	151.0	151	27.27272727272727	5.129312
IDDLNTM145_R1	40.45131877038304	66.0	151.0	151	27.27272727272727	4.748019
IDDLNTM145_R2	39.84224925052163	64.0	151.0	151	27.27272727272727	4.748019
IDDLNTM146_R1	45.45747538539655	67.0	151.0	151	27.27272727272727	4.656207
IDDLNTM146_R2	43.738132038920305	66.0	151.0	151	27.27272727272727	4.656207
IDDLNTM147_R1	42.07874928859155	66.0	151.0	151	27.27272727272727	5.084480999999999
IDDLNTM147_R2	42.152155549979376	64.0	151.0	151	27.27272727272727	5.084480999999999
IDDLNTM148_R1	39.5561084891106	66.0	151.0	151	27.27272727272727	3.472202
IDDLNTM148_R2	38.36011742954257	65.0	151.0	151	27.27272727272727	3.472202
IDDLNTM149_R1	39.724048807124426	66.0	151.0	151	27.27272727272727	3.293573
IDDLNTM149_R2	38.621550813332526	64.0	151.0	151	27.27272727272727	3.293573
IDDLNTM15.A_R1	42.11074280450124	68.0	151.0	151	27.27272727272727	4.38861
IDDLNTM15.A_R2	40.881201976751846	65.0	151.0	151	27.27272727272727	4.38861
IDDLNTM15.B_R1	47.46921031438368	68.0	151.0	151	27.27272727272727	5.714220999999999
IDDLNTM15.B_R2	44.83636784838876	66.0	151.0	151	27.27272727272727	5.714220999999999
IDDLNTM152_R1	38.104293734807136	66.0	151.0	151	27.27272727272727	3.6759779999999997
IDDLNTM152_R2	37.066098493629575	64.0	151.0	151	27.27272727272727	3.6759779999999997
IDDLNTM18.A_R1	39.56610193361545	67.0	151.0	151	27.27272727272727	3.699233
IDDLNTM18.A_R2	38.480896524694316	65.0	151.0	151	27.27272727272727	3.699233
IDDLNTM18.B_R1	48.17516797575359	68.0	151.0	151	27.27272727272727	5.74008
IDDLNTM18.B_R2	46.63324362653615	65.0	151.0	151	27.27272727272727	5.74008
IDDLNTM19.A_R1	46.19684048856496	64.0	151.0	151	27.27272727272727	5.9954659999999995
IDDLNTM19.A_R2	44.21855392584646	62.0	151.0	151	27.27272727272727	5.9954659999999995
IDDLNTM19.B_R1	48.50634562209424	67.0	151.0	151	27.27272727272727	6.185613999999999
IDDLNTM19.B_R2	46.39457818184408	65.0	151.0	151	27.27272727272727	6.185613999999999
IDDLNTM19.C_R1	43.74028485601262	67.0	151.0	151	27.27272727272727	4.902483999999999
IDDLNTM19.C_R2	42.574760356350104	65.0	151.0	151	27.27272727272727	4.902483999999999
IDDLNTM1_R1	36.119734222052244	66.0	151.0	151	27.27272727272727	3.135132
IDDLNTM1_R2	36.19504228496277	62.0	151.0	151	27.27272727272727	3.135132
IDDLNTM2.A_R1	28.497180638143675	68.0	151.0	151	27.27272727272727	2.173565
IDDLNTM2.A_R2	28.483261189625537	63.0	151.0	151	27.27272727272727	2.173565
IDDLNTM2.B_R1	30.13790868576241	68.0	151.0	151	27.27272727272727	2.5456879999999997
IDDLNTM2.B_R2	30.055484694293256	63.0	151.0	151	27.27272727272727	2.5456879999999997
IDDLNTM2.C_R1	33.12346884741153	66.0	151.0	151	27.27272727272727	3.68424
IDDLNTM2.C_R2	32.51689492924143	64.0	151.0	151	27.27272727272727	3.68424
IDDLNTM20_R1	48.27734164883515	68.0	151.0	151	27.27272727272727	6.279192999999999
IDDLNTM20_R2	46.31930218279061	65.0	151.0	151	27.27272727272727	6.279192999999999
IDDLNTM21.A_R1	45.33549958938246	64.0	151.0	151	27.27272727272727	5.776115
IDDLNTM21.A_R2	43.634531400210484	61.0	151.0	151	27.27272727272727	5.776115
IDDLNTM21.B_R1	42.68364669298148	67.0	151.0	151	27.27272727272727	4.639851
IDDLNTM21.B_R2	41.40810183592391	66.0	151.0	151	27.27272727272727	4.639851
IDDLNTM22.A_R1	45.45362594269897	68.0	151.0	151	27.27272727272727	5.147387999999999
IDDLNTM22.A_R2	44.46571841333766	64.0	151.0	151	27.27272727272727	5.147387999999999
IDDLNTM22.B_R1	43.82758585887778	68.0	151.0	151	27.27272727272727	4.87653
IDDLNTM22.B_R2	42.81238032350626	65.0	151.0	151	27.27272727272727	4.87653
IDDLNTM32_R1	44.024525314551234	63.0	151.0	151	27.27272727272727	5.1685799999999995
IDDLNTM32_R2	42.29375457004194	61.0	151.0	151	27.27272727272727	5.1685799999999995
IDDLNTM33.A_R1	41.920860405516244	64.0	151.0	151	27.27272727272727	4.573189999999999
IDDLNTM33.A_R2	40.84201719769499	62.0	151.0	151	27.27272727272727	4.573189999999999
IDDLNTM33.B_R1	43.28138260855091	64.0	151.0	151	27.27272727272727	4.8798189999999995
IDDLNTM33.B_R2	42.086057924820544	61.0	151.0	151	27.27272727272727	4.8798189999999995
IDDLNTM33.C_R1	49.05312037901406	64.0	151.0	151	27.27272727272727	5.935637
IDDLNTM33.C_R2	47.069040704024864	62.0	151.0	151	27.27272727272727	5.935637
IDDLNTM35_R1	36.07523447428974	66.0	151.0	151	27.27272727272727	4.036023
IDDLNTM35_R2	34.82990381506565	64.0	151.0	151	27.27272727272727	4.036023
IDDLNTM37_R1	41.76805688101398	67.0	151.0	151	27.27272727272727	4.8205919999999995
IDDLNTM37_R2	41.22217849533406	65.0	151.0	151	27.27272727272727	4.8205919999999995
IDDLNTM38_R1	43.740541779194686	64.0	151.0	151	27.27272727272727	5.2495009999999995
IDDLNTM38_R2	42.31525775489232	62.0	151.0	151	27.27272727272727	5.2495009999999995
IDDLNTM39_R1	36.32710793031648	67.0	151.0	151	27.27272727272727	3.370981
IDDLNTM39_R2	35.20847810549458	65.0	151.0	151	27.27272727272727	3.370981
IDDLNTM4.A_R1	40.21793312987311	67.0	151.0	151	27.27272727272727	4.311243999999999
IDDLNTM4.A_R2	39.542288223630266	65.0	151.0	151	27.27272727272727	4.311243999999999
IDDLNTM4.B_R1	26.991396579280973	66.0	151.0	151	27.27272727272727	2.023619
IDDLNTM4.B_R2	27.018300111385514	64.0	151.0	151	27.27272727272727	2.023619
IDDLNTM4.C_R1	41.67505852184237	67.0	151.0	151	27.27272727272727	4.104153
IDDLNTM4.C_R2	40.10607996935918	65.0	151.0	151	27.27272727272727	4.104153
IDDLNTM40_R1	35.22523852992009	65.0	151.0	151	27.27272727272727	4.1169899999999995
IDDLNTM40_R2	35.93374045325268	64.0	151.0	151	27.27272727272727	4.1169899999999995
IDDLNTM41.A_R1	42.659712515596716	67.0	151.0	151	27.27272727272727	4.779688
IDDLNTM41.A_R2	41.47698005397641	66.0	151.0	151	27.27272727272727	4.779688
IDDLNTM41.B_R1	46.131793966672774	68.0	151.0	151	27.27272727272727	5.602754
IDDLNTM41.B_R2	44.14747208980785	65.0	151.0	151	27.27272727272727	5.602754
IDDLNTM41.C_R1	44.358751724730105	67.0	151.0	151	27.27272727272727	5.097313
IDDLNTM41.C_R2	43.24377702715919	66.0	151.0	151	27.27272727272727	5.097313
IDDLNTM42_R1	46.69835488146972	63.0	151.0	151	27.27272727272727	5.859992999999999
IDDLNTM42_R2	45.336497294665534	62.0	151.0	151	27.27272727272727	5.859992999999999
IDDLNTM43_R1	42.307786552355175	66.0	151.0	151	27.27272727272727	4.990157
IDDLNTM43_R2	41.416635786127344	64.0	151.0	151	27.27272727272727	4.990157
IDDLNTM44_R1	42.53811817147142	66.0	151.0	151	27.27272727272727	4.5818829999999995
IDDLNTM44_R2	41.38163471652456	64.0	151.0	151	27.27272727272727	4.5818829999999995
IDDLNTM45_R1	42.21756862888171	65.0	151.0	151	27.27272727272727	4.770275
IDDLNTM45_R2	40.829939749327906	62.0	151.0	151	27.27272727272727	4.770275
IDDLNTM46.A_R1	42.14979199354186	68.0	151.0	151	27.27272727272727	4.673668999999999
IDDLNTM46.A_R2	41.061182334821346	65.0	151.0	151	27.27272727272727	4.673668999999999
IDDLNTM46.B_R1	41.55915933955413	65.0	151.0	151	27.27272727272727	4.681319
IDDLNTM46.B_R2	40.52901181178347	62.0	151.0	151	27.27272727272727	4.681319
IDDLNTM48_R1	43.304959471372925	68.0	151.0	151	27.27272727272727	4.800307
IDDLNTM48_R2	41.57430209745403	66.0	151.0	151	27.27272727272727	4.800307
IDDLNTM49_R1	35.51046525284643	64.0	151.0	151	27.27272727272727	3.26292
IDDLNTM49_R2	35.38745879615152	62.0	151.0	151	27.27272727272727	3.26292
IDDLNTM50_R1	32.043043614163395	64.0	151.0	151	27.27272727272727	2.777809
IDDLNTM50_R2	30.918448912103713	62.0	151.0	151	27.27272727272727	2.777809
IDDLNTM52_R1	42.67748140652235	67.0	151.0	151	27.27272727272727	5.607835
IDDLNTM52_R2	40.781096701372455	64.0	151.0	151	27.27272727272727	5.607835
IDDLNTM55.A_R1	43.50222045069986	66.0	151.0	151	27.27272727272727	5.443503
IDDLNTM55.A_R2	41.812210512315886	64.0	151.0	151	27.27272727272727	5.443503
IDDLNTM55.B_R1	42.263097817211225	66.0	151.0	151	27.27272727272727	5.2697579999999995
IDDLNTM55.B_R2	41.3364451167887	63.0	151.0	151	27.27272727272727	5.2697579999999995
IDDLNTM56_R1	41.25883236225511	67.0	151.0	151	27.27272727272727	4.504683
IDDLNTM56_R2	40.07168404912226	65.0	151.0	151	27.27272727272727	4.504683
IDDLNTM58_R1	35.11812013785567	66.0	151.0	151	27.27272727272727	3.5863359999999997
IDDLNTM58_R2	34.682964995671156	63.0	151.0	151	27.27272727272727	3.5863359999999997
IDDLNTM59_R1	37.27245594048959	66.0	151.0	151	27.27272727272727	3.711236
IDDLNTM59_R2	36.419795497245865	64.0	151.0	151	27.27272727272727	3.711236
IDDLNTM5_R1	45.02919863325832	63.0	151.0	151	27.27272727272727	5.477691
IDDLNTM5_R2	43.100430767901464	62.0	151.0	151	27.27272727272727	5.477691
IDDLNTM6.A_R1	43.102280192711206	67.0	151.0	151	27.27272727272727	4.726338999999999
IDDLNTM6.A_R2	41.77710493119604	65.0	151.0	151	27.27272727272727	4.726338999999999
IDDLNTM6.B_R1	43.38725718153182	67.0	151.0	151	27.27272727272727	4.776319
IDDLNTM6.B_R2	42.085782834535046	65.0	151.0	151	27.27272727272727	4.776319
IDDLNTM60_R1	36.419413495431144	67.0	151.0	151	27.27272727272727	3.5561059999999998
IDDLNTM60_R2	35.8238553757904	64.0	151.0	151	27.27272727272727	3.5561059999999998
IDDLNTM61_R1	38.156820647244125	67.0	151.0	151	27.27272727272727	4.016020999999999
IDDLNTM61_R2	37.03639605613741	65.0	151.0	151	27.27272727272727	4.016020999999999
IDDLNTM63_R1	37.07522190013105	66.0	151.0	151	27.27272727272727	3.950481
IDDLNTM63_R2	36.21081219406634	64.0	151.0	151	27.27272727272727	3.950481
IDDLNTM64_R1	39.135996451061	63.0	151.0	151	27.27272727272727	3.815298
IDDLNTM64_R2	37.99310594119437	62.0	151.0	151	27.27272727272727	3.815298
IDDLNTM67_R1	41.66315218574312	64.0	151.0	151	27.27272727272727	4.093201
IDDLNTM67_R2	40.835916844824794	62.0	151.0	151	27.27272727272727	4.093201
IDDLNTM68_R1	42.87866170891258	64.0	151.0	151	27.27272727272727	4.540289
IDDLNTM68_R2	41.46917739590881	62.0	151.0	151	27.27272727272727	4.540289
IDDLNTM7.A_R1	44.505347321999764	67.0	151.0	151	27.27272727272727	5.004974
IDDLNTM7.A_R2	42.8656253687096	65.0	151.0	151	27.27272727272727	5.004974
IDDLNTM7.B_R1	43.46231826567646	67.0	151.0	151	27.27272727272727	4.7491959999999995
IDDLNTM7.B_R2	42.513079482595494	65.0	151.0	151	27.27272727272727	4.7491959999999995
IDDLNTM7.C_R1	46.65196747174269	67.0	151.0	151	27.27272727272727	5.468228
IDDLNTM7.C_R2	44.70462025786939	65.0	151.0	151	27.27272727272727	5.468228
IDDLNTM70_R1	40.597237625451676	63.0	151.0	151	27.27272727272727	3.7013149999999997
IDDLNTM70_R2	39.73858607372887	62.0	151.0	151	27.27272727272727	3.7013149999999997
IDDLNTM71_R1	38.36457416583057	63.0	151.0	151	27.27272727272727	3.480078
IDDLNTM71_R2	37.644271764603296	61.0	151.0	151	27.27272727272727	3.480078
IDDLNTM72_R1	21.578130439144132	64.0	151.0	151	27.27272727272727	2.090456
IDDLNTM72_R2	23.18298071518676	60.0	151.0	151	27.27272727272727	2.090456
IDDLNTM73_R1	44.278138814735556	64.0	151.0	151	27.27272727272727	5.203475999999999
IDDLNTM73_R2	42.77406030634412	62.0	151.0	151	27.27272727272727	5.203475999999999
IDDLNTM74_R1	39.75511943262487	63.0	151.0	151	27.27272727272727	4.403023
IDDLNTM74_R2	38.67745297760282	62.0	151.0	151	27.27272727272727	4.403023
IDDLNTM75_R1	39.575617851145154	64.0	151.0	151	27.27272727272727	4.230678
IDDLNTM75_R2	39.25966656972986	62.0	151.0	151	27.27272727272727	4.230678
IDDLNTM76_R1	41.583612349589046	64.0	151.0	151	27.27272727272727	4.718529
IDDLNTM76_R2	40.34627921739327	62.0	151.0	151	27.27272727272727	4.718529
IDDLNTM77_R1	29.64106624552973	64.0	151.0	151	27.27272727272727	2.98147
IDDLNTM77_R2	29.185942856274522	62.0	151.0	151	27.27272727272727	2.98147
IDDLNTM78_R1	39.801422825141174	64.0	151.0	151	27.27272727272727	4.59425
IDDLNTM78_R2	40.13612454500486	61.0	151.0	151	27.27272727272727	4.59425
IDDLNTM79_R1	43.14945723992585	64.0	151.0	151	27.27272727272727	5.024024
IDDLNTM79_R2	41.90676885475242	62.0	151.0	151	27.27272727272727	5.024024
IDDLNTM81_R1	40.8910505368077	63.0	151.0	151	27.27272727272727	3.9856599999999998
IDDLNTM81_R2	39.525670310275586	62.0	151.0	151	27.27272727272727	3.9856599999999998
IDDLNTM82_R1	42.070473128881424	63.0	151.0	151	27.27272727272727	4.276756
IDDLNTM82_R2	41.665765207328064	62.0	151.0	151	27.27272727272727	4.276756
IDDLNTM83_R1	46.3956838773167	64.0	151.0	151	27.27272727272727	5.026727999999999
IDDLNTM83_R2	44.72237171930471	62.0	151.0	151	27.27272727272727	5.026727999999999
IDDLNTM84_R1	41.44249009789075	64.0	151.0	151	27.27272727272727	4.7537069999999995
IDDLNTM84_R2	40.17484032728499	61.0	151.0	151	27.27272727272727	4.7537069999999995
IDDLNTM85_R1	44.91398070847856	63.0	151.0	151	27.27272727272727	5.040566
IDDLNTM85_R2	43.84823904098604	62.0	151.0	151	27.27272727272727	5.040566
IDDLNTM86_R1	43.44870897998329	64.0	151.0	151	27.27272727272727	4.879464
IDDLNTM86_R2	42.14000962764312	62.0	151.0	151	27.27272727272727	4.879464
IDDLNTM88_R1	49.47592270769445	67.0	151.0	151	27.27272727272727	5.644191999999999
IDDLNTM88_R2	47.43964221622032	66.0	151.0	151	27.27272727272727	5.644191999999999
IDDLNTM89_R1	44.075656272707434	64.0	151.0	151	27.27272727272727	4.701931
IDDLNTM89_R2	43.177908613224126	62.0	151.0	151	27.27272727272727	4.701931
IDDLNTM90_R1	41.58337382953026	65.0	151.0	151	27.27272727272727	4.877371999999999
IDDLNTM90_R2	40.71159491210011	64.0	151.0	151	27.27272727272727	4.877371999999999
IDDLNTM91_R1	44.783433517465774	64.0	151.0	151	27.27272727272727	4.920074
IDDLNTM91_R2	43.183754207123684	62.0	151.0	151	27.27272727272727	4.920074
IDDLNTM94_R1	44.832280577742104	67.0	151.0	151	27.27272727272727	4.670971
IDDLNTM94_R2	43.63235063926466	65.0	151.0	151	27.27272727272727	4.670971
IDDLNTM96_R1	41.769857959865995	64.0	151.0	151	27.27272727272727	4.2309909999999995
IDDLNTM96_R2	40.608779494156565	62.0	151.0	151	27.27272727272727	4.2309909999999995
IDDLNTM97_R1	43.54343188636594	63.0	151.0	151	27.27272727272727	3.628466
IDDLNTM97_R2	42.1877389623169	60.0	151.0	151	27.27272727272727	3.628466
IDDLNTM99_R1	44.63028175275308	63.0	151.0	151	27.27272727272727	4.673732
IDDLNTM99_R2	43.73526568370968	63.0	151.0	151	27.27272727272727	4.673732
